179.5861094644
179.5630339434
179.6282019759
179.5669260514
179.5838956348
179.5737833395
179.5331336771
179.5586066211
179.5767517984
179.5525714927
179.6033010241
179.5631267489
179.5666433712
179.5601151115
179.5820095235
179.5536723616
179.5727045328
179.5699503936
179.5479376266
179.5665680897
179.5737723310
179.5073316202
179.5567810384
179.5661663058
179.5350973142
179.5512038300
179.5560344179
179.5656140139
179.6131587766
179.5344207888
179.5810061694
179.5813812896
179.5732077393
179.5758295566
179.5442642469
179.6143020138
179.5569458181
179.5715369340
179.5713950611
179.5508784780
179.5650893094
179.5830203095
179.5279460048
179.5772408315
179.5991015698
179.5575887111
179.5809637266
179.5476582313
179.5923214083
179.5612231110
179.5266881497
179.5774023835
179.5655912739
179.5859216033
179.5548298852
179.5546847852
179.5741512558
179.5764308432
179.5890355181
179.6036810738
179.5330482865
179.5899080661
179.5742809312
179.5444736747
179.5729058268
179.5650983868
179.5678616736
179.5900529535
179.6109799663
179.6126727551
179.5942939798
179.5767615278
179.5909433456
179.5850984584
179.5807966580
179.5964562323
179.5669435587
179.5921943119
179.5889764671
179.5521700335
179.6055595633
179.5699928726
179.5736159743
179.5623286471
179.5724760552
179.5793247692
179.5935633396
179.5655443063
179.6062058554
179.5917915809
179.5729980272
179.5821958727
179.5956069511
179.5607890349
179.5935214315
179.5865639294
179.5854104949
179.5535601527
179.5936675674
179.6035406387
179.5722674534
179.6073788249
179.5827339278
179.5339048832
179.5757721414
179.5878716035
179.5748580165
179.6235853940
179.6131496128
179.5816849856
179.6110661572
179.5919265822
179.5840468429
179.5871314115
179.5891962163
179.6040673971
179.5309129502
179.5455912081
179.5772400351
179.5712691812
179.5529043427
179.5462947020
179.5901234199
179.5845505689
179.6133498773
179.6026323269
179.5981401242
179.5448301777
179.6007086177
179.6136685639
179.5768020525
179.6217996604
179.5935871667
179.5787338120
179.6174169526
179.6015078905
179.6036337192
179.5849535107
179.5641454008
179.5918352166
179.5912938383
179.6145914549
179.6089170197
179.5788300038
179.5980688532
179.6005591949
179.5989613638
179.5977396078
179.5635973285
179.5851747711
179.5763698046
179.5690316144
179.5821370084
179.5610793565
179.5598441122
179.5935334184
179.5739682724
179.5727828966
179.5733556852
179.5935330531
179.6214643419
179.5915572800
179.5723002705
179.5963363187
179.5759647784
179.5724288716
179.5706973904
179.5493598110
179.5884301813
179.5837127166
179.5860868322
179.6075863842
179.5612101496
179.5589302616
179.6026229654
179.5619505559
179.6086345333
179.6059122896
179.5704335889
179.5611996974
179.5868721992
179.5667687187
179.6146927107
179.5764235024
179.5511309163
179.5952497742
179.5920943209
179.5781052418
179.5887719178
179.5512495327
179.5569678565
179.5889802137
179.5955157757
179.5617445236
179.5973669905
179.6127765895
179.5793885489
179.5742495321
179.5701138195
179.6073925697
179.5907348883
179.6032490627
179.6070433236
179.5736885078
179.6025135778
179.6034371227
179.5796483539
179.5764453689
179.5679526741
179.5892755570
179.5731248069
179.5779045268
179.5902123352
179.5597781288
179.5996066063
179.5666837565
179.5918711910
179.5998301653
179.5936954084
179.6278304349
179.6087869580
179.5752321103
179.5838851384
179.5816464634
179.5855718985
179.5813888249
179.5606293338
179.5680863027
179.5856906384
179.5650239649
179.5914301779
179.5578084377
179.5864219138
179.6324680907
179.5825232503
179.5879393554
179.5822967042
179.5668683523
179.5661807590
179.5771571341
179.6201541237
179.6062470585
179.5881422204
179.5943267439
179.5581802236
179.5681760555
179.5681315435
179.5797060447
179.5733059193
179.5683750211
179.5758230871
179.5983958762
179.5774897806
179.5820773074
179.6187583927
179.5876112102
179.5682443778
179.5848230367
179.5669070655
179.5835500330
179.6004778166
179.5580197143
179.5433427656
179.5714404320
179.5872359501
179.5708752573
179.5810288661
179.5466169585
179.5496140447
179.5627309640
179.5693300036
179.5968959530
179.6033083942
179.5718375406
179.5940764986
179.5921253279
179.5760542811
179.5815306697
179.5642286545
179.5740713542
179.5646904966
179.5700047064
179.5973551703
179.5931089743
179.6142008802
179.6011001506
179.5914653458
179.6030362588
179.5985645478
179.5943054582
179.5792385081
179.5964998800
179.6000944949
179.6014710569
179.6281549492
179.5758379862
179.5635819910
179.5884061334
179.5834279267
179.5534661316
179.5644360503
179.5359974031
179.5650843947
179.5724260740
179.5819369168
179.5962208082
179.5643482566
179.5970362476
179.5879747600
179.5767195084
179.5803023415
179.5889398573
179.5938336114
179.5595917104
179.5584017096
179.5790191138
179.5355570979
179.5806101373
179.5694560799
179.5540302247
179.5933449269
179.6013800243
179.6065102914
179.5844509729
179.5283436420
179.6052547084
179.5833537288
179.5500247435
179.5555669725
179.5948701425
179.5672529138
179.6019676674
179.5736241904
179.5676316905
179.5854997666
179.6082411424
179.5951118336
179.5932654565
179.6145804519
179.5603660072
179.5836382525
179.6093717237
179.5961041892
179.5636778230
179.5949203562
179.5915736027
179.5925662533
179.6214237825
179.5827849372
179.6048264995
179.6018910905
179.5782053735
179.6016025512
179.5325937606
179.6148470199
179.5867454653
179.5998943208
179.6041181705
179.6089348604
179.6080722073
179.5708281017
179.5991064126
179.5656204114
179.6125241221
179.6049593303
179.5730694012
179.5732859086
179.5950117712
179.5580666807
179.5889382183
179.5755753361
179.5572728625
179.5428704976
179.5931748782
179.6030211594
179.5874467807
179.5826821915
179.5555976433
179.5937014575
179.6158414158
179.5916735961
179.5850111304
179.5724754353
179.5986775032
179.6127910568
179.5950913502
179.6082785424
179.5875935327
179.5811932861
179.5530385332
179.6155008511
179.5990487165
179.6134820574
179.5889631394
179.5632519021
179.6131468957
179.5764074883
179.6134324310
179.5834028736
179.5815681744
179.5692464780
179.6070202364
179.5986241355
179.5691337982
179.5703743307
179.5832088413
179.5996680389
179.5356090969
179.5917182973
179.6206599829
179.5785360085
179.6092018934
179.5604016226
179.5637130994
179.5812302947
179.5607132151
179.5947629469
179.5544031411
179.5858191458
179.5877104785
179.5995400151
179.5751681679
179.5895356328
179.6097014911
179.5982277036
179.5884352219
179.5904678583
179.6199330041
179.5897021443
179.5975078928
179.5974649546
179.5873015056
179.5995654708
179.6008987432
179.5969645119
179.5829130891
179.5924743314
179.5999607334
179.5884495382
179.5601615632
179.5876536108
179.6094258136
179.5700257222
179.5688526236
179.5427551219
179.5338680965
179.5834307533
179.5832847727
179.5433584348
179.5883460384
179.6019456876
179.5794622282
179.5675178684
179.6155703290
179.6039396112
179.5741282135
179.5589735313
179.5317067854
179.5842591321
179.5950595379
179.5453951095
179.5777813795
179.5745787192
179.5791345171
179.6185276680
179.5985358866
179.6079470886
179.5872183296
179.5810230327
179.6048838595
179.5871711879
179.5821341930
179.6056252467
179.5799966818
179.6346095860
179.5707332724
179.5918855894
179.6127719415
179.6146542194
179.5975579145
179.5697688578
179.5921154369
179.6445602789
179.5807850324
179.5864021856
179.5974530016
179.5771956315
179.5791922186
179.6054697931
179.5552614252
179.5675071230
179.5972454988
179.6105941151
179.5835690789
179.5854922439
179.6065127163
179.5662477197
179.5863784954
179.5959450976
179.5954121562
179.5924543534
179.6102483223
179.5735801418
179.5787909273
179.5830551888
179.5985665021
179.6328453906
179.5933785462
179.6078390248
179.6243493142
179.5857642876
179.5741452921
179.5926081786
179.6084523449
179.5707238842
179.5996808906
179.5859386233
179.5704962987
179.5846073414
179.5919771849
179.5599746456
179.6104796341
179.5600877063
179.5825053788
179.6031249462
179.5854415567
179.5812849052
179.6142948056
179.5788088690
179.5982249151
179.5781835024
179.5795436462
179.5811889750
179.5936286602
179.5990950988
179.5934718652
179.5739874156
179.5578556936
179.6176206432
179.5926564414
179.5632874495
179.6012179072
179.5828482757
179.6085648400
179.5990195255
179.5873354917
179.5904538616
179.6117012951
179.6052701862
179.6122209321
179.5798604337
179.5795738716
179.6247442473
179.6157389554
179.6213672082
179.5651940674
179.5849948362
179.5904862021
179.5987300497
179.5979192569
179.5644266914
179.5822641799
179.5872309510
179.5764892439
179.5861638700
179.6122608802
179.6139911852
179.5852649916
179.6061060168
179.6101615707
179.5947702495
179.5760653042
179.6218408811
179.5659304085
179.5789201231
179.5989693484
179.5683486730
179.6341843998
179.6079881006
179.6293977581
179.6053456933
179.5903148122
179.6035207896
179.5396176235
179.5846051096
179.5785227756
179.5799314352
179.6143735650
179.5781845179
179.5591408871
179.5745872169
179.5916605385
179.5463339873
179.5933173665
179.5845389749
179.5922793571
179.5769979521
179.6085212372
179.6062571166
179.5721731513
179.6035358333
179.5766240548
179.5538658906
179.5965713672
179.5668458736
179.6008465799
179.5671321818
179.5526570823
179.5825108674
179.5609552216
179.5751130973
179.6005643383
179.5650980671
179.5884641337
179.5931387039
179.6038522626
179.5745467103
179.6189143296
179.6058135289
179.5731316825
179.5986818669
179.5863503857
179.5373047021
179.5609046749
179.5876426084
179.5605292190
179.5766482744
179.5893708525
179.5965175620
179.5717781077
179.6018441973
179.5895833212
179.6061636325
179.6077446419
179.5952843418
179.6043024442
179.5963177758
179.6123119793
179.6095415085
179.5742463812
179.6065968231
179.5984889057
179.5828367022
179.5917230476
179.5935153012
179.6335147456
179.5954173516
179.5912425219
179.5923454196
179.5809370586
179.6020286944
179.5853026164
179.5780228330
179.5884940832
179.6062478857
179.5733813616
179.6008904005
179.6227575663
179.5857150729
179.5771100481
179.5964477168
179.5950754160
179.5891704154
179.6160472422
179.5699629439
179.5586793328
179.6063687848
179.5762537172
179.5813267805
179.6223886131
179.5750644553
179.5940112153
179.5461514539
179.5730853780
179.5918559566
179.5531383153
179.5633295123
179.5957597709
179.6031921331
179.5699360783
179.5853140493
179.5970923380
179.5536598584
179.5588145167
179.5475398229
179.6084632906
179.5983806241
179.5513697752
179.5956613443
179.5809802250
179.5917616437
179.5365329182
179.5762232508
179.5867631071
179.5709801295
179.6109780694
179.5779314021
179.5840995600
179.5836583701
179.5848116080
179.5924332075
179.5903294945
179.5876707739
179.5916481146
179.5931900063
179.6057006403
179.5616756498
179.5894180906
179.5923597611
179.5736975527
179.5988539707
179.6177023897
179.6147523022
179.5732368860
179.5646587760
179.6006383247
179.5600248774
179.5545398787
179.6075322149
179.5797938875
179.6241430378
179.5768344635
179.5865360475
179.6109289327
179.5937577398
179.6119576827
179.6069130978
179.5805375741
179.6071900784
179.6028519260
179.5857592690
179.6176543538
179.5944798497
179.5841727554
179.6241889588
179.5876793869
179.6246696682
179.5917556186
179.6025864446
179.5832423933
179.5983089178
179.5726995969
179.6001199065
179.5922127258
179.5663250370
179.5585466969
179.5970657385
179.5798463849
179.6219800434
179.5758732343
179.5805724520
179.5632058887
179.5461963139
179.5961636143
179.6139156627
179.6033054315
179.5832892813
179.5875784695
179.5738706413
179.6015158811
179.5903948905
179.5794185153
179.5797746294
179.5919673571
179.6040706654
179.5713891684
179.5837020612
179.6039381778
179.5868548123
179.5551009932
179.6053796633
179.5954189644
179.5655889208
179.5869565088
179.5746701719
179.6306298526
179.5858799551
179.5502312122
179.5525208797
179.6081167767
179.5893159884
179.5936524784
179.5866741532
179.6062085206
179.5723976229
179.5935526466
179.5866889648
179.5732678271
179.5946519366
179.5953050472
179.5681310275
179.6074848868
179.5900015109
179.5954479782
179.5952749216
179.5690613357
179.6007698799
179.5633046438
179.5804592836
179.6059019838
179.5639128174
179.5987602831
179.5765494606
179.5758513125
179.5875363536
179.5714468230
179.6068179314
179.6054680807
179.5801084497
179.6032543511
179.5777851789
179.5649814263
179.6035257176
179.5616589944
179.6107284266
179.6166018456
179.6117908522
179.5502994353
179.5804473693
179.5548498597
179.5698487033
179.5720051497
179.5746515972
179.6075657549
179.6133524746
179.6064142959
179.6031344889
179.5801608042
179.5943517277
179.5768928218
179.5841412205
179.5988546910
179.5917770567
179.5482414520
179.5716678392
179.5994347416
179.5672240311
179.5630978204
179.5800493035
179.6064590102
179.5935994386
179.5867086112
179.5785155906
179.5817902806
179.5770907320
179.5805962511
179.5529792868
179.5786604214
179.6076660473
179.5662885800
179.5979180705
179.5747029989
179.5989792989
179.5989861432
179.5434200495
179.5848813267
179.5940198884
179.5964954415
179.5973436569
179.5560763897
179.5706928628
179.6121246091
179.5937890040
179.5895630235
179.6181206943
179.5777978231
179.5938675336
179.6036025786
179.5658147384
179.5829248371
179.6133584469
179.5634263333
179.6094903162
179.5903790322
179.5525235138
179.5786265492
179.6050601927
179.5849187020
179.5952017248
179.5632693365
179.5811423115
179.6005095089
179.6008822708
179.5717333006
179.5960563840
179.5797499321
179.6027388104
179.5963355649
179.5657894067
179.5704691444
179.5312725187
179.5840933685
179.5815945486
179.5568659977
179.6089290505
179.6025049979
179.5629857634
179.6043288600
179.5926484156
179.5653756578
179.5738382915
179.5754766459
179.5990468770
179.5690818891
179.5917934675
179.5884909888
179.5503967272
179.5938505763
179.5790688799
179.5720127748
179.6250933338
179.5913144016
179.6022138203
179.5834500057
179.5708597705
179.5921844831
179.5471113652
179.5856858789
179.5710640294
179.5825453979
179.6002534616
179.5664625383
179.6148441477
179.6179634921
179.5631765267
179.6004826527
179.5627232624
179.5646669183
179.6165962012
179.5681878920
179.5760333570
179.5731090362
179.5929095711
179.6011543530
179.5891268286
179.5901704555
179.6185280178
179.5515055775
179.5905135579
179.5678673083
179.5458973207
179.6027219899
179.5934867114
179.6266310940
179.5712074636
179.5856128605
179.5844797076
179.5736409974
179.5690972434
179.5732307897
179.6232605105
179.5770579914
179.5781292052
179.5728700637
179.5405529006
179.6039301029
179.5725474823
179.5607241892
179.5581884434
179.5658770880
179.5190132176
179.5593728379
179.5755598482
179.6046094169
179.5990808774
179.5467264403
179.5928090204
179.5942099836
179.5773954989
179.5681780633
179.5551682109
179.5851168100
179.5538678875
179.5736152525
179.5852158737
179.5881891934
179.5865818101
179.5736524975
179.6046678424
179.5848594351
179.5999155908
179.6147286617
179.6031086845
179.5730742837
179.5888434639
179.5520216408
179.6034821420
179.6081850902
179.6135815283
179.6326951537
179.5851940258
179.5816181549
179.6028140676
179.5821694443
179.5780837178
179.6088900668
179.5993438842
179.6197634942
179.6058979039
179.5835279898
179.5748763666
179.5787607930
179.5560371599
179.5687405080
179.5660858539
179.5557483452
179.5925743317
179.5583264239
179.5561100944
179.5788203790
179.5661531366
179.5730758092
179.5911179841
179.5882515247
179.5764984824
179.5673171592
179.5535390167
179.5820570065
179.5654448575
179.5784228798
179.5881513459
179.5521621209
179.5579759968
179.5782592029
179.5681770526
179.5414961336
179.5754749802
179.5525647406
179.5744220593
179.5642068786
179.5916858582
179.6043101848
179.5769450286
179.5771217568
179.5777865014
179.5856765589
179.5990753632
179.5834969575
179.5396813403
179.5932989432
179.5874766541
179.6092406094
179.5864571564
179.5570326604
179.5724509015
179.5731296137
179.5711815978
179.5870400932
179.5565738031
179.5952121237
179.5883651499
179.5676697575
179.5663327570
179.5354579836
179.5832668361
179.5734531186
179.5660288177
179.5622679910
179.5883947058
179.5751191892
179.5950277807
179.5617071489
179.5725928347
179.6010924713
179.5442541003
179.5980198981
179.5641265245
179.5569910574
179.5785644704
179.5486057463
179.5858724760
179.5768609819
179.5471790556
179.5940189193
179.5814461242
179.5780351350
179.5915245964
179.5534367296
179.5838366421
179.5864235740
179.6162802320
179.6145954272
179.5794516281
179.6003237571
179.5598603278
179.5723068095
179.5767792375
179.5353817116
179.5757957571
179.5774809402
179.5777256354
179.5845919506
179.5924487022
179.5711258264
179.5816578304
179.5776724303
179.5888294953
179.5974015771
179.5817511980
179.5753674164
179.6035805297
179.5729700055
179.5605089042
179.5963329507
179.5908105107
179.6023487438
179.5510877553
179.5442595366
179.5537148912
179.5564189530
179.5648971481
179.5790330621
179.5811188639
179.5830075237
179.5841734976
179.5415400316
179.5926404133
179.6089500228
179.5696523779
179.5811501872
179.5528332987
179.5656228554
179.5603724239
179.5496067712
179.5951528902
179.5800962292
179.5908700302
179.5498016616
179.5903682698
179.6199511050
179.5744439660
179.5956921074
179.5928595338
179.5698076781
179.5961398412
179.6171678227
179.5834007725
179.5539380076
179.5704428087
179.5563754918
179.5920671396
179.5977613081
179.6127075937
179.6052792340
179.5755300284
179.5653606749
179.5669691224
179.5901832614
179.5986784140
179.5910674450
179.5775985947
179.5655454851
179.6142413461
179.5998235427
179.6283913232
179.5825741122
179.5732428266
179.6100822510
179.5541045113
179.5958822120
179.5507441275
179.5564175273
179.5818539137
179.5509445979
179.5610496706
179.5855170414
179.5543371863
179.5853582726
179.5704908617
179.5969775310
179.5964065204
179.5730549471
179.5659923033
179.5880256079
179.5314809409
179.5882262271
179.5774009395
179.5599367886
179.5814127066
179.5719221240
179.5671365174
179.5953037922
179.5921663499
179.5388902864
179.5765011613
179.5856294561
179.5820367364
179.5517459468
179.5584869532
179.6259851913
179.5857631201
179.5590414050
179.5446003404
179.5960888428
179.5577011936
179.5590626845
179.5745029292
179.5600857156
179.5772688811
179.5557006259
179.5691704967
179.5725501509
179.5692655432
179.5967096766
179.5649381008
179.5622052100
179.5933849374
179.6002182002
179.5771014058
179.5611157701
179.5675718881
179.5644898134
179.5668582117
179.5294039338
179.5994718484
179.5583292294
179.5620132983
179.5777003013
179.5678131927
179.5740370158
179.5860282969
179.5642632938
179.5822120138
179.6119099873
179.6061734057
179.5761600960
179.5950266177
179.5924082614
179.5758188950
179.5985345185
179.5404348419
179.5444694190
179.5942237225
179.5874955034
179.5853879589
179.5535951261
179.5740250261
179.5772003558
179.5946526789
179.5972613774
179.5829490014
179.5868488041
179.5858163995
179.6092809551
179.5978911508
179.5813900708
179.6106756525
179.5650624384
179.5840833164
179.5727467665
179.5508152149
179.5977921999
179.5800449611
179.5808365456
179.6043732527
179.5495392323
179.6028951703
179.5576454322
179.5632601810
179.5728781305
179.5742769815
179.5841244220
179.5901400686
179.5658939031
179.5958349084
179.5788292489
179.5824114415
179.5846820359
179.5978999653
179.6132002167
179.5886077988
179.5656606792
179.5852089401
179.5688074189
179.6005057161
179.5809188518
179.5398220892
179.5874167649
179.5763176885
179.5947998714
179.5934576943
179.5731630462
179.5942261662
179.5697164366
179.5524145448
179.6108055593
179.5991981685
179.5661279686
179.6016812497
179.5728075492
179.5709717664
179.5804237894
179.5717647781
179.5574727667
179.5930366153
179.5562765679
179.5764535339
179.5676749408
179.5772389384
179.5980213016
179.5843264526
179.5886015684
179.5627251634
179.6257323119
179.5889760733
179.5665478137
179.5993096716
179.6043826050
179.5670810030
179.6027264694
179.6037695691
179.6001822560
179.5784305506
179.6016119036
179.5732916916
179.6125868734
179.5743972640
179.5896805415
179.5674805651
179.5708515226
179.5979537679
179.5592632320
179.5866020582
179.5609948851
179.5290121259
179.5896221920
179.5708212954
179.5604003858
179.5863416745
179.5780501199
179.6080420751
179.5636193582
179.6003929888
179.6117242635
179.5764108258
179.5955988646
179.5759166634
179.5553916769
179.6179038807
179.5699296927
179.5844081169
179.5452521399
179.5422945412
179.5999238443
179.5774631200
179.5645923627
179.5826977567
179.5685244924
179.5749066076
179.5958508302
179.5658429383
179.5739991705
179.5777995570
179.5765172831
179.5894115497
179.6005337671
179.5561519124
179.5558692586
179.5441243434
179.5879969345
179.5558202341
179.5811040220
179.5901488803
179.5667791636
179.5944553770
179.5998999488
179.5549147764
179.6070473587
179.6089665967
179.5930703213
179.5733027824
179.6298129610
179.5924447115
179.5690734195
179.5731070851
179.5921930503
179.5713260655
179.5654571396
179.5994557264
179.5789014314
179.5693033053
179.6014306223
179.5728331322
179.5718779772
179.6026761920
179.5836249979
179.5909146844
179.5829960991
179.5652284625
179.6244452387
179.5905931819
179.5949378300
179.5756650346
179.6027012071
179.6222209231
179.6178417354
179.5951969853
179.6139617546
179.5797571971
179.5683065150
179.5923494083
179.5803597307
179.5960236301
179.5989968615
179.6066895202
179.5747723540
179.5680949181
179.6138377712
179.6132801670
179.6183264465
179.5750073840
179.5884327144
179.5943518809
179.6041329959
179.5675369207
179.6070341208
179.5950498802
179.5993926242
179.6239016380
179.5878683258
179.5922740476
179.5805285987
179.6130632034
179.5676331621
179.6075516805
179.5553852374
179.6158007386
179.5947966931
179.6104454282
179.6301574580
179.5837385859
179.5290277691
179.5737979956
179.6166305571
179.5947551567
179.5629789157
179.5824889301
179.5586297906
179.5936214397
179.5375723012
179.5839909468
179.5880476473
179.5840476848
179.5983048705
179.6073401856
179.6187204724
179.5780777996
179.6089746501
179.6124494530
179.5932318901
179.6207868120
179.5574916065
179.5770604665
179.5981399758
179.5860646395
179.5750800705
179.5863261837
179.5803108019
179.6076768646
179.5864971771
179.5846509778
179.5984634681
179.5700118710
179.5670954856
179.5833519450
179.5709262640
179.5910439528
179.5857526086
179.5911462912
179.6019984666
179.5770579150
179.5991992847
179.5905115517
179.5722181683
179.5764301425
179.5535161782
179.5539171222
179.6013331568
179.5453390056
179.5507787525
179.5941452453
179.5835241399
179.5772781087
179.5888102346
179.5460863217
179.5984713037
179.5823201374
179.5628912176
179.5766540201
179.5563236785
179.5602144634
179.5718231100
179.5912481364
179.5636325496
179.5844959963
179.5601561686
179.5965364798
179.5793150924
179.5955715017
179.5818860857
179.5807296316
179.5572324003
179.5797146092
179.5618122366
179.5787147185
179.5894190862
179.5880024672
179.5754240688
179.5793318901
179.5642681189
179.5695208639
179.6160099377
179.5820161339
179.5972688653
179.5805015955
179.5600183405
179.5904720128
179.5711930969
179.5832473035
179.5874769296
179.5922515768
179.5975288013
179.5935757613
179.6021293312
179.5772376477
179.5751006332
179.5783791465
179.5302645049
179.5710562922
179.5833392974
179.5503516057
179.5782076440
179.5712742564
179.5849772286
179.6163486295
179.5739340483
179.5641298124
179.5800735025
179.5472518871
179.6027112323
179.5834306995
179.5820225727
179.5468619115
179.5698629104
179.5826291689
179.5704894218
179.5929518625
179.5896514998
179.5783155674
179.5937630226
179.5585008865
179.5772669975
179.5759494903
179.5460258520
179.5994650585
179.5830145630
179.5639066101
179.6135663285
179.5995205082
179.5803641574
179.6032333286
179.5592972610
179.5604676797
179.5950504803
179.5392092308
179.6067552205
179.5712910390
179.5743645867
179.5872731084
179.5766529988
179.5651506814
179.5817385078
179.5524969074
179.5904378564
179.5530614284
179.5741762409
179.6196357892
179.5928071812
179.5744033742
179.5842845962
179.6261511759
179.5741647381
179.6035448327
179.5701483084
179.5994247105
179.6569132960
179.6121060894
179.5726878175
179.5713853400
179.5804299625
179.5807558807
179.5761561723
179.5975767789
179.5851495784
179.5471955599
179.5701461161
179.5713441777
179.5616594385
179.6040106735
179.5765420960
179.5566395489
179.6056511160
179.5760811717
179.5844203475
179.5772125592
179.5772293433
179.5785100908
179.5921668822
179.5544182999
179.5617149328
179.5890393811
179.5647469413
179.5808560132
179.5674589413
179.5524710896
179.6078926422
179.5810361244
179.5552011507
179.5754291976
179.5860105916
179.5644316686
179.5558472639
179.5649550592
179.5561446907
179.5677824918
179.5929831523
179.5687683211
179.6068728525
179.5676036397
179.5793023252
179.6036733510
179.5742249655
179.5792572949
179.5871126879
179.5874973654
179.5907814024
179.5818739621
179.5514159400
179.5684001912
179.5940201529
179.5997488678
179.5843680154
179.5662695194
179.5580770289
179.5759506254
179.5723964796
179.5314042020
179.5741773202
179.5702036208
179.5571732547
179.5952494526
179.6118395665
179.5806507174
179.5675587759
179.5843795614
179.5848862731
179.5757238703
179.6171244629
179.5844922565
179.5902715590
179.5678568930
179.5912823573
179.5524185219
179.5557187125
179.5304215363
179.6034034696
179.5803292423
179.5372241867
179.6031712402
179.5701919795
179.5693414633
179.5814068823
179.5734868501
179.5729987821
179.5394178389
179.5554026874
179.5776862767
179.5698378947
179.5773248411
179.5884600572
179.5533646333
179.5907295438
179.5637484005
179.5684797764
179.5799092137
179.5381668439
179.5839383933
179.5830371412
179.5448703212
179.5860791398
179.5470955849
179.5698679505
179.5538512924
179.5592099884
179.5600020762
179.5167242562
179.5445743893
179.5824467328
179.5655542093
179.5756845086
179.5855983706
179.5832782524
179.5820759170
179.5625726128
179.6007350907
179.5630131982
179.5776459555
179.5780862886
179.5309553413
179.5633315697
179.5673197816
179.5847541719
179.5873440184
179.5797503863
179.5946337265
179.6050838009
179.5713430226
179.5662990112
179.5831737996
179.5503918279
179.5984183980
179.5922486705
179.5511719932
179.5678227028
179.5916141864
179.5644791474
179.5890090716
179.6052743440
179.5765166514
179.5648419354
179.5449370594
179.5648621580
179.5602139663
179.5276320958
179.5840730939
179.5712174882
179.5837906084
179.5476442989
179.5583760136
179.6010256218
179.6189211029
179.5952857734
179.5940320402
179.5830305544
179.5712036448
179.5153782655
179.5886430999
179.5793689527
179.5494896726
179.6029051116
179.5708334139
179.5665637909
179.5710836256
179.5543327119
179.5837308485
179.5701181241
179.5539920672
179.5834813384
179.5919366075
179.5433597794
179.5805288151
179.5819599440
179.5928351007
179.6112409596
179.5894845134
179.5741751210
179.5481990622
179.5651564754
179.5677824412
179.5544720249
179.5807949294
179.5521641571
179.5653435157
179.5637869111
179.5568117898
179.5935680061
179.5803612446
179.5904891705
179.5804862887
179.5636182993
179.5757189072
179.6051052675
179.5751429544
179.5930650992
179.5713366582
179.5805841830
179.5637661089
179.5734255526
179.5650371832
179.5587360588
179.5862862645
179.6035222618
179.5710071551
179.5820845838
179.6184231947
179.5287695654
179.5889614913
179.5836905796
179.5546840664
179.5966667389
179.5351363801
179.5804125066
179.6034525054
179.5721351853
179.5854238411
179.5737647099
179.5948446786
179.5625264074
179.5924157163
179.5575639267
179.5903284601
179.5883377868
179.5684251517
179.5901926954
179.5794128276
179.5767449326
179.5790680447
179.5549851564
179.5677599722
179.6077427480
179.5811728811
179.5530294929
179.5834701839
179.6188565837
179.5769561271
179.5579613943
179.5675573169
179.5931962657
179.5821635064
179.6012506023
179.5681759668
179.5736396349
179.6086229858
179.5834236752
179.5789782672
179.5769244772
179.5941424088
179.6063601114
179.5865520103
179.6233117148
179.5963961037
179.6056298692
179.5878728172
179.5680500752
179.6105538448
179.6034040541
179.5794073274
179.5811270583
179.5459879395
179.5874474221
179.5931170036
179.5849736454
179.5722094865
179.5494156780
179.5832971444
179.5512379919
179.5527520498
179.6084746543
179.5830442055
179.5506764636
179.5754972249
179.5870903748
179.5557461948
179.5405003314
179.5896091980
179.5937683439
179.5746429990
179.5843109816
179.5967928388
179.5529002637
179.5964240563
179.5929582562
179.5913637647
179.6045462389
179.5785363163
179.6263298865
179.5914471145
179.5904699567
179.5803553057
179.5746589683
179.6015293718
179.5390898907
179.5596915187
179.5864843114
179.5550930337
179.5839903081
179.5542800564
179.5776643401
179.5766212585
179.5801032338
179.5854007766
179.5931509734
179.5593950582
179.5746725639
179.5942212044
179.5479835618
179.5459169357
179.5402253061
179.5393601244
179.5635535307
179.5354090195
179.5996644317
179.5986007687
179.5326543246
179.5727240593
179.5437857942
179.5869540330
179.5868339255
179.5739000960
179.5809335842
179.5700408125
179.6131744369
179.6193032901
179.5847348005
179.5799026486
179.5804278754
179.5551948139
179.5713532801
179.5418195196
179.5785403536
179.6064844153
179.5960179620
179.5843890833
179.5664406564
179.5564215278
179.5595537713
179.5281103019
179.5731116350
179.5631016353
179.5640464719
179.5739278570
179.5825845274
179.5916363207
179.5842656341
179.5523274826
179.5806944861
179.5752359559
179.5755883627
179.5905781852
179.5605878864
179.5859693298
179.5829146853
179.5165485470
179.5922991883
179.5851509142
179.5635244476
179.5922801020
179.5927847381
179.5976732803
179.5920316571
179.5856671892
179.5800844715
179.5415515652
179.5600022681
179.5776622996
179.5590474342
179.5506891041
179.6037858044
179.5549471760
179.5670794423
179.5686036344
179.5590831410
179.5877445510
179.5544398531
179.5995825857
179.6008578013
179.5756115269
179.5824104156
179.5873364705
179.6016436482
179.5889525272
179.5471277835
179.5673697790
179.6013875830
179.5544654869
179.5705605613
179.5779162724
179.5795296001
179.5796438568
179.5447904991
179.5946536325
179.5816222753
179.5636855028
179.5714514974
179.6177894302
179.5944851016
179.6054401926
179.5896695824
179.5765267719
179.5879026062
179.5874057905
179.5752799648
179.5922968753
179.5823366769
179.5642121806
179.5718375538
179.5802571993
179.5739535200
179.5592919718
179.5501504558
179.5761965830
179.5845802730
179.5906521441
179.5729365251
179.6277028834
179.6125541274
179.6346792972
179.5892237574
179.5633753711
179.5848042587
179.5381592320
179.5854037996
179.5711703997
179.5545549237
179.5990255448
179.5841721296
179.6090427643
179.6139246648
179.6314329644
179.5768384637
179.5612506624
179.6261878033
179.5637111471
179.5970626271
179.5709456695
179.6059306550
179.6228585046
179.5984143045
179.5829388852
179.5858259864
179.6096757280
179.6039293923
179.5902098216
179.5725620652
179.5684149830
179.6105947634
179.5939093136
179.6036918572
179.6076002480
179.5564539216
179.6120602126
179.5932943154
179.5854271619
179.6455555403
179.5808460174
179.5927124215
179.6206131668
179.5923753019
179.5904973160
179.6182506272
179.5958901500
179.5911564315
179.6435328797
179.6171634087
179.6043799675
179.6245129212
179.5862901361
179.5619207712
179.6119835222
179.5972572778
179.5762734954
179.5935480382
179.5616417133
179.5844748477
179.5961289787
179.5553823120
179.6125195216
179.6236770955
179.5725275586
179.6039163679
179.6253793128
179.6137218431
179.6058262369
179.6095519580
179.5965354664
179.6324201618
179.5903736592
179.5869271591
179.6013155437
179.6121827317
179.5948224269
179.6082172688
179.6051192789
179.6071670033
179.5965849344
179.5674126848
179.5757267797
179.5938228867
179.6035878104
179.6066050427
179.6243752514
179.6148230254
179.6250131813
179.5796269826
179.6363277097
179.5989307681
179.5803683821
179.6116364614
179.5676846506
179.6295322301
179.6145296869
179.5949851611
179.5902564401
179.6010445626
179.6005852022
179.6259255003
179.5648488964
179.5969119143
179.6122915576
179.6018083239
179.5948822587
179.5916916376
179.6246943771
179.5712223450
179.5919107238
179.5858803992
179.6211775971
179.6151491001
179.5895619066
179.5999099706
179.5688523494
179.5614903615
179.6135660431
179.6035642901
179.5719760655
179.5925903593
179.6152423110
179.5854648547
179.5757687280
179.6158769501
179.5738841024
179.6212236297
179.6026407364
179.5513392367
179.5940549926
179.6175165729
179.5813980364
179.5758535658
179.6043433526
179.5961291282
179.5854518217
179.5728706941
179.5833411925
179.6002517583
179.5678118781
179.6066015556
179.5806558681
179.5777358458
179.5978701334
179.6093659076
179.6024823785
179.5983105808
179.6005012031
179.5672837437
179.6116957041
179.6045841687
179.5496589617
179.6019464177
179.5844307611
179.6103009914
179.5940981128
179.5652453776
179.6106771490
179.5754453452
179.5896105259
179.5665914659
179.5594392833
179.6077857549
179.5972599873
179.5571459254
179.6045708851
179.5678955583
179.6174219440
179.5918966641
179.5565370527
179.6039360169
179.5950523515
179.5977813796
179.5812363309
179.5794359113
179.5653573092
179.6036158622
179.5397146764
179.5956683067
179.6055905930
179.5835259988
179.6320545863
179.5831624039
179.5832212768
179.6162531394
179.5717528004
179.5894599532
179.5968040334
179.5598361691
179.5814286654
179.5914501998
179.5715772030
179.6099031133
179.5812926331
179.6012191040
179.6109162367
179.6364467153
179.5505068062
179.5474563106
179.5867563290
179.5921065069
179.5791302976
179.5784723679
179.5827328377
179.5934959302
179.5847550860
179.5865480060
179.6111764401
179.5649392810
179.6159990796
179.5830120419
179.6146076404
179.5745034344
179.6037365978
179.5968338348
179.5715752115
179.5929386520
179.5815554911
179.6057131605
179.5758685610
179.5775839522
179.5629710642
179.5560325045
179.5718046645
179.6046246142
179.5763315610
179.5880254045
179.5994751310
179.6333139508
179.5915163697
179.6111083354
179.6165484916
179.5573963464
179.5785488382
179.5869310230
179.5848131492
179.5829413369
179.5654346542
179.5831462488
179.6257021960
179.6015877836
179.5687564695
179.5654434149
179.5757066123
179.5774654579
179.6248148667
179.5798785618
179.5788368458
179.5982141925
179.5640266171
179.6182100052
179.6181566653
179.5822451629
179.5558153867
179.6060377298
179.5707715465
179.5900001978
179.5403529113
179.5674415473
179.5887789520
179.5997241380
179.5890350916
179.5713912768
179.5613120988
179.5803922934
179.5561231960
179.5605902665
179.5781316904
179.6000055853
179.5901537751
179.5754137324
179.5530452624
179.5910514286
179.5702060306
179.5842698808
179.5839087037
179.5679636313
179.6156502211
179.5356560902
179.5964691126
179.5861261451
179.5708485451
179.5840332768
179.6127716676
179.6047020210
179.5726701903
179.5671497100
179.5870497344
179.5643629354
179.5664602560
179.5885757436
179.5958296107
179.5869771919
179.5460432913
179.5829301394
179.5873108862
179.5825126502
179.5993889861
179.5631633634
179.5445339610
179.5665684506
179.5770386741
179.5684906765
179.5820259739
179.5945423463
179.6066181634
179.5994292808
179.6049647564
179.5598179483
179.5940410271
179.5920155439
179.6130800671
179.5606174111
179.5794536572
179.6165150818
179.5899248450
179.5883960098
179.5858408098
179.5954163767
179.5886801012
179.5537575459
179.5442401031
179.6022629511
179.5868443705
179.5598189056
179.5848961940
179.5736690090
179.5627366143
179.5707515843
179.5527481968
179.5580957708
179.5793291487
179.5713754002
179.5875281945
179.5608036252
179.5631295036
179.5827650550
179.5592822873
179.5863026921
179.5593884905
179.5454469002
179.5364482880
179.5668184408
179.5545291038
179.5584294070
179.5941731776
179.5846015206
179.5885527376
179.5468633567
179.5579965990
179.5765878923
179.5479310799
179.5836934864
179.5949591933
179.5487841913
179.5869813813
179.5741325662
179.5777137704
179.5768614962
179.5765787497
179.5895581583
179.5491079551
179.5767095655
179.5871678088
179.5653554363
179.6098994231
179.5820048095
179.5733194988
179.6018243825
179.6134832121
179.5850167606
179.5787124439
179.5860286817
179.5910407870
179.5473019764
179.5909846653
179.5789841521
179.5935557129
179.6047711393
179.5610634730
179.5914286049
179.5743549171
179.5716542759
179.5938730804
179.5822108046
179.5623993441
179.5667810941
179.5765793247
179.5677385123
179.5942273251
179.5738637775
179.6042000934
179.5530031495
179.5541177645
179.5830066187
179.5742275379
179.6031578608
179.5596519966
179.5779755709
179.6057877037
179.5647116645
179.6034085705
179.5796004984
179.5899294606
179.5769397453
179.5822814422
179.6043523423
179.5604833227
179.5794788860
179.5767902761
179.5839055681
179.5952361639
179.5543284780
179.5747161908
179.5756916984
179.5859800084
179.5660711594
179.5796600298
179.6022167670
179.5616616671
179.5840545205
179.5986215071
179.5706134292
179.5770298442
179.5817125547
179.5778375723
179.6039671600
179.5546094789
179.5765519263
179.5705399899
179.5574456881
179.5985649250
179.5581510800
179.5814416949
179.5954532619
179.5554368423
179.5814344002
179.5681948031
179.5948272463
179.5857358746
179.5959223287
179.5807216816
179.5480974680
179.6096015398
179.5822698216
179.5704694097
179.6197977182
179.6092620488
179.5683831399
179.5855213135
179.5844221986
179.6228827487
179.5837770123
179.5499723636
179.5924486078
179.5625252673
179.5888792768
179.5792526072
179.5890099100
179.6066725276
179.5635531055
179.5687707664
179.5659864701
179.5736464607
179.6097449894
179.5768343150
179.5926838375
179.6149293653
179.5715972391
179.5947180129
179.6214735005
179.5901596477
179.5927134220
179.6134100947
179.5848047005
179.5667884453
179.5888131013
179.5654441971
179.5969601421
179.5995349947
179.5483250160
179.5979962216
179.6205022717
179.6024587596
179.5894558594
179.6058390016
179.5840871233
179.6314591876
179.6263097308
179.6036821022
179.5897843817
179.5957523922
179.6040683939
179.5900296461
179.6024872799
179.5420682614
179.6066616899
179.6147101715
179.6034026921
179.6082411290
179.5985770805
179.5957644708
179.5967804382
179.5937967088
179.5978557839
179.5728913167
179.5805952670
179.5868737560
179.5789761176
179.6193706331
179.6108584708
179.5558903803
179.5975304155
179.5838063202
179.5832555041
179.6139252637
179.5880191200
179.6023298216
179.6267429478
179.6098139963
179.6241611491
179.5557824776
179.5763281765
179.5891254893
179.6152821935
179.6122520199
179.5645913124
179.5962237544
179.6059130065
179.5838107792
179.5921877688
179.5585200087
179.5874028658
179.5822802222
179.5795607475
179.5874299650
179.5858118861
179.5988679459
179.5991972540
179.5536828914
179.5846661582
179.5831610670
179.5866982373
179.5787884548
179.6027078313
179.6149989169
179.5568982317
179.6089517682
179.6021190749
179.5784145354
179.5725041574
179.5665630824
179.5670047496
179.5954937452
179.5676642293
179.5739001318
179.5968045246
179.6217429349
179.5633002484
179.5878949029
179.6212899897
179.5853929128
179.6127770518
179.5887758235
179.5763690697
179.5806659042
179.5848644753
179.5594750170
179.6052734343
179.5768173742
179.5493950216
179.5860194201
179.6013519996
179.5669559530
179.5815170672
179.5936598884
179.5554593975
179.5835977698
179.5565822390
179.5779771095
179.5789334761
179.5671653552
179.5588002921
179.5940892558
179.5483218858
179.6296060977
179.5927905188
179.5681572988
179.5797255121
179.5904852306
179.5833033296
179.5635678879
179.6104998761
179.5761708096
179.6138305603
179.6039446844
179.5745552433
179.5911204544
179.5782430374
179.6015461188
179.5355477761
179.5950118744
179.5954603465
179.5759414032
179.6346957173
179.6135714048
179.6200625439
179.5930154550
179.5772503293
179.5780451275
179.5973911929
179.5761842330
179.5690977391
179.5436869806
179.5671430805
179.5981614254
179.5960731526
179.5509625544
179.6160593951
179.6074050023
179.5743960726
179.5925928600
179.5699600972
179.5824648371
179.5969320138
179.5550289849
179.5696588812
179.5881997053
179.5795468940
179.5656633210
179.6033899353
179.6026780067
179.5999590120
179.6289775112
179.5805011003
179.6060465330
179.5889973215
179.5509133405
179.5856879932
179.5731446979
179.5532793599
179.6044834571
179.5839057959
179.5888238672
179.5940924130
179.5669048495
179.6304868644
179.5995988817
179.5690269165
179.6018796637
179.6029426481
179.5822313375
179.5841036552
179.6116575853
179.5654567376
179.5923921772
179.5872232194
179.5707516982
179.5930048735
179.5642318890
179.5895765585
179.5815387433
179.5615145264
179.5609736936
179.5797848665
179.6061899249
179.5726805001
179.5945672656
179.5706123209
179.5877272184
179.6064926710
179.5731670314
179.5797460008
179.5650118384
179.6113249056
179.6005413749
179.5783418120
179.5724994327
179.5306420485
179.5991617407
179.5758375288
179.5442276648
179.5820191459
179.5977152691
179.5792771232
179.5601171467
179.5895762081
179.5816849788
179.5648213929
179.6013480845
179.5712032758
179.5781030914
179.5963144109
179.5742469228
179.5989455988
179.5706757971
179.5863366630
179.5873385241
179.5819111867
179.5965736254
179.5717241551
179.5828517741
179.6083942915
179.5806433537
179.5846781892
179.5837968294
179.5934213454
179.5864938938
179.6178936764
179.5881984433
179.5297277555
179.5829782679
179.5868257675
179.5959315521
179.5924557395
179.5727859303
179.5621337634
179.5808653623
179.5961501780
179.6201205314
179.6252468295
179.5674515330
179.5728033478
179.5586602174
179.5669261477
179.5857005106
179.5853430378
179.5799035450
179.5890071303
179.5721675318
179.6084239537
179.5811400830
179.5833381922
179.5938055467
179.6148564569
179.6130814487
179.5736965320
179.5782840010
179.5863368328
179.5692557621
179.5805489685
179.5772272361
179.5789593235
179.5712638854
179.5926547728
179.5782463945
179.5968608829
179.5599907767
179.5814562286
179.5884638752
179.5500518744
179.6101076612
179.5739563869
179.5910350200
179.5856910045
179.6089216555
179.5956626047
179.6099418645
179.5992649106
179.5778248287
179.6015103818
179.5811876696
179.6196132736
179.6236886625
179.5958728908
179.6128850393
179.5872952483
179.5577912289
179.5790745906
179.5887056849
179.5867579711
179.5761808233
179.5685698357
179.5542643982
179.6001445243
179.5578685218
179.5851752125
179.5466837441
179.5791527489
179.6020723734
179.5575012276
179.5642139590
179.5906148607
179.5899501350
179.5754721823
179.5664835599
179.5624515682
179.5801554538
179.5978463376
179.5585913424
179.5560239352
179.6114096646
179.5972688260
179.5825090692
179.5885318076
179.5559805215
179.5899534222
179.6018519157
179.5793532105
179.5458386600
179.5684220796
179.5717310391
179.5894888040
179.5958820983
179.5870097624
179.5858673075
179.6085871446
179.5638716465
179.5860964515
179.5715845949
179.5812451764
179.5780723974
179.5994647071
179.5915560178
179.6387036693
179.5859157857
179.5493179288
179.5644711029
179.5929604369
179.5750305748
179.5958280963
179.5715232430
179.5586624598
179.5632832466
179.5488315475
179.5911884020
179.5991093240
179.5735346722
179.5878995985
179.6096514631
179.5804493178
179.5939662152
179.5808215974
179.6030474087
179.5631635852
179.5907893373
179.5698676748
179.5978391825
179.5817582869
179.5790197153
179.6063083327
179.5779849461
179.5882953470
179.6195200793
179.5779640751
179.5981522391
179.5942420012
179.5736121526
179.5937270968
179.5842973205
179.5722717751
179.6059226877
179.5937880244
179.6074624354
179.5931226727
179.5735498823
179.5916769268
179.5749263096
179.5478518416
179.5963045686
179.5746093297
179.5762850359
179.5769773230
179.5925527210
179.5806642457
179.6138862762
179.5873832650
179.5750776470
179.5346665271
179.6016692223
179.5598661119
179.5639649217
179.5766142462
179.5794541849
179.5877466017
179.5714496734
179.5738952838
179.5963382142
179.5757410237
179.5905965552
179.5961077774
179.5751152871
179.6086579847
179.6126240177
179.5817474830
179.5800118508
179.5904081894
179.5620152112
179.5782570884
179.6091342565
179.6043314701
179.6035436217
179.6091701383
179.5742882272
179.5772348837
179.6020500463
179.5495784205
179.5564364562
179.6041874968
179.5686489018
179.6003141621
179.5979948902
179.6098232193
179.5997365014
179.5703190774
179.5437144577
179.5912025838
179.5928878567
179.5674730663
179.5884710540
179.5516765510
179.5959394766
179.6152615155
179.5926863582
179.5859358249
179.5710092969
179.6085680700
179.6011598498
179.5752452549
179.6194250300
179.5796456030
179.6081883627
179.5795067772
179.5657020911
179.6004284756
179.5557919014
179.5800618935
179.5966730968
179.5533381337
179.5827032036
179.5882800122
179.5549397729
179.5858785531
179.5839221547
179.5967500601
179.5774638727
179.5981081517
179.6038426691
179.5732708999
179.5857553113
179.5979313140
179.5833935939
179.5727829249
179.5749968773
179.5902939493
179.6049798887
179.5926734994
179.5464615537
179.5876719747
179.5607477869
179.5917941583
179.5926502129
179.5697989669
179.5707341799
179.5861025497
179.5835095359
179.5782879148
179.6228965960
179.6061487237
179.5880824947
179.5714316336
179.5629566233
179.6154508130
179.5746932109
179.5872091621
179.5842088933
179.5605200626
179.6041696293
179.5684214378
179.5485320602
179.5729982844
179.5599000737
179.5654012902
179.6011684676
179.5885812651
179.5755748198
179.5821233921
179.6009356106
179.5908846576
179.5957476939
179.5795985038
179.5675935602
179.5904081800
179.5581600659
179.5825694761
179.5958496129
179.5919841320
179.6226962725
179.5626697398
179.6061414317
179.5965137292
179.5668968931
179.5859719995
179.6140465178
179.5649122610
179.5982746297
179.5629611882
179.5987795000
179.5680002368
179.5490877725
179.5919237030
179.5605595314
179.5687410231
179.6017592002
179.5859865986
179.6059377314
179.5791051454
179.5832047319
179.5751514398
179.5528294992
179.6002101147
179.5716966961
179.5895009728
179.5786426641
179.5769156925
179.5932727216
179.5772526440
179.5667006684
179.5940745168
179.5585855328
179.5851852365
179.5849267130
179.5792444024
179.6055757176
179.5989666527
179.6020412871
179.5556593291
179.5661293951
179.5975368608
179.5941084376
179.5907175650
179.5970285935
179.5494137838
179.5797697479
179.5756820924
179.5463473136
179.6019911392
179.5888474998
179.5980311881
179.6178712716
179.5576291633
179.5816564057
179.5995182924
179.6150177650
179.5718764269
179.5562886351
179.6001773030
179.5879249875
179.5563541967
179.5911246138
179.6007845103
179.5940601373
179.5644882247
179.6178295906
179.6035257572
179.6034832662
179.5662631928
179.5703970591
179.5900610781
179.5915593442
179.6047184549
179.5890440170
179.5700214044
179.5899847562
179.5760876984
179.5535821446
179.6133606234
179.5959746121
179.5840786004
179.6049521655
179.6254395163
179.5869817056
179.5786112551
179.5834580241
179.5709864793
179.6257333997
179.5686711579
179.5842942867
179.6020505449
179.5719789417
179.5950369350
179.5809997772
179.6058620850
179.6229603165
179.5636769866
179.5878020690
179.5951237952
179.5676697361
179.6059208854
179.5858960053
179.5749619357
179.5898673683
179.5669487792
179.5739524480
179.5729928838
179.5925867341
179.5931363988
179.6003935489
179.6036692968
179.5769190435
179.5992582541
179.5995620808
179.6079911744
179.6025317561
179.6019670089
179.6221689814
179.6016949291
179.5702523379
179.5880885137
179.6098044058
179.5720768871
179.5996530194
179.5852927003
179.6012735356
179.6014324013
179.5761347134
179.5834290564
179.5560062009
179.5668531727
179.6062358316
179.5659130803
179.5792899223
179.6434539170
179.5863217112
179.5823512111
179.6013181646
179.6222937255
179.6015337984
179.5788410269
179.6093499901
179.5874160954
179.6050501551
179.5648123429
179.6029921240
179.5892924235
179.5940711210
179.6012459457
179.5447045498
179.5603402009
179.6200655633
179.5877179057
179.5975854285
179.6025577039
179.5792446220
179.5472934586
179.5679953837
179.5779100477
179.6242134462
179.5652885001
179.6093251898
179.6199709048
179.6000268923
179.5756830823
179.5661543014
179.5824712085
179.5831752880
179.5620387965
179.5828096374
179.5750294244
179.5922894252
179.5740169813
179.5900735734
179.6064929974
179.6320648797
179.5594463543
179.6186488228
179.5883116146
179.5989810492
179.6073698027
179.5926661597
179.5857508060
179.5783631469
179.5930777395
179.5578289313
179.5676367997
179.5649080951
179.5768562729
179.5989736688
179.5754279725
179.5941994109
179.5762244793
179.6122033754
179.5864943134
179.5583276530
179.5984760973
179.6090560170
179.5653665579
179.5563639298
179.6069287043
179.5744261095
179.5884138570
179.6029730094
179.5894321029
179.6055529655
179.6052626231
179.5898448870
179.5989650644
179.5938005983
179.5962143846
179.5938666992
179.5884975163
179.6189151483
179.5812339827
179.5971517470
179.6100921133
179.5926268130
179.6146569133
179.5794980494
179.5579161070
179.5955115832
179.6044403756
179.6406865063
179.6116874917
179.5877444480
179.6258995238
179.5992672796
179.6045024603
179.6017066437
179.5822309436
179.6138922535
179.6231693055
179.5668054834
179.6071410167
179.5980416928
179.6208938961
179.6264781541
179.5734160561
179.6075431154
179.6044168684
179.5928668466
179.6006920897
179.5925498511
179.5891510923
179.5849799696
179.6377112137
179.5570537079
179.5695291801
179.5598320692
179.6063681591
179.6324573711
179.5833274343
179.5979859445
179.5805499561
179.5956748978
179.6000104699
179.6136896286
179.5758578794
179.5737375155
179.5917641936
179.5828485269
179.5872277662
179.6060460215
179.5662612793
179.6191356440
179.6252379380
179.5666635262
179.5935621740
179.5864886963
179.5990969789
179.6073538846
179.5758206638
179.5955947475
179.6089204239
179.6039991005
179.5781295861
179.6248515461
179.6133847746
179.6191166765
179.6283336835
179.6002103031
179.5802878863
179.6038148260
179.5956276546
179.5783440668
179.5936968962
179.5787702819
179.6365592577
179.5792305223
179.5708742495
179.6091067555
179.5853474868
179.5937557501
179.6152016598
179.6168018322
179.6018450058
179.5679547225
179.5859057387
179.5880910269
179.5583224004
179.5670811910
179.5720189179
179.5778083659
179.5860529757
179.6105268567
179.5603873732
179.5976790443
179.5813006625
179.5670240556
179.5914025925
179.5536710179
179.5906142387
179.6147794936
179.5900583050
179.5836394235
179.6108073017
179.5836296881
179.5930523992
179.5971156156
179.5856751462
179.5860251295
179.5590303032
179.5715637015
179.5883627442
179.6160887519
179.5794515825
179.5828561598
179.5964342392
179.5848302844
179.6159477400
179.6193741703
179.5799524560
179.5808701048
179.5803666677
179.5948697361
179.5868973983
179.5773633127
179.5841632581
179.6012643045
179.6023074396
179.5814319572
179.5921908525
179.6094490224
179.5861629007
179.6018336937
179.5902085646
179.5845196201
179.6016236091
179.6324533882
179.5823952490
179.5709623619
179.6022087832
179.5852902331
179.5809242851
179.5705218649
179.5410595646
179.5993552305
179.6095374911
179.6092661945
179.6147574799
179.6196114412
179.5835184767
179.6114057329
179.6002844800
179.5848551804
179.5846107968
179.5830879664
179.5913244281
179.5965119417
179.5764285898
179.5716884674
179.6053526444
179.5607617234
179.5844763535
179.5948857344
179.5387412690
179.5850935276
179.6196643466
179.5796114566
179.5813182075
179.6162029539
179.5741469922
179.5536911552
179.5948700858
179.6112806685
179.6069570006
179.5839291562
179.5704643336
179.6078976694
179.5735144641
179.5540548240
179.6015002000
179.5615491392
179.5756412260
179.5898874504
179.5348266371
179.6064987477
179.6058980067
179.5640931824
179.5944430596
179.5833634604
179.6356474920
179.6070516482
179.6050248067
179.5965492995
179.5824508515
179.5589324696
179.5943340173
179.5702869706
179.5904576650
179.5737069254
179.5933605889
179.5984771645
179.5838485341
179.6039298773
179.6342122550
179.5770555932
179.5851271022
179.5684499425
179.6135009810
179.5961715265
179.5754754926
179.5656045524
179.5690806437
179.5958411492
179.6124395330
179.5874377062
179.5951187085
179.6161555547
179.5708856401
179.5920177657
179.5806907580
179.5953628632
179.5982627149
179.5517215694
179.6007787277
179.5784293292
179.5740688869
179.5833089931
179.5937713896
179.5757427406
179.5908477313
179.5934827130
179.5536599765
179.5648091446
179.6058659708
179.5851973065
179.5837634729
179.5811617810
179.5917663772
179.6009234483
179.5978332948
179.6071667320
179.6249218008
179.5770153911
179.5903864668
179.6265752986
179.5894816818
179.5766050025
179.5974916346
179.5951745312
179.6025969958
179.6000974556
179.5770815094
179.5945299787
179.6063413501
179.5852770486
179.5741652114
179.6204877687
179.5703368842
179.5686313836
179.5749983138
179.5816967095
179.6211186351
179.5781165111
179.5981615454
179.5823042506
179.5737809039
179.6309002868
179.5251528155
179.5871681270
179.5881542358
179.5678946341
179.6174200664
179.5873690134
179.6208050950
179.6092547742
179.5549920074
179.5981603586
179.5968391199
179.5687571397
179.5944020569
179.5781331345
179.5881024633
179.6114779754
179.5804825735
179.6105987530
179.5940266924
179.5855523374
179.6016980685
179.5911692114
179.5520383511
179.5701873244
179.5856680047
179.5933872289
179.6011950636
179.5622167278
179.5756134185
179.6372678201
179.5816921725
179.5718729948
179.5927589365
179.6002102504
179.5964936981
179.6078307119
179.5874806471
179.6002206907
179.5560086824
179.5884328486
179.5989611835
179.5565866194
179.5810754709
179.5823142397
179.5703559721
179.5957890754
179.5735682807
179.5807503372
179.6092182847
179.5762139189
179.5772642359
179.6070208785
179.5847948396
179.5713950110
179.6138172436
179.5751973780
179.5537988697
179.6026975745
179.5654243774
179.5842131930
179.6049098353
179.6159958455
179.5919776499
179.5777554336
179.6027735600
179.5966993376
179.6006545345
179.5885564213
179.5873943248
179.6057596930
179.5894727122
179.6096473625
179.6317722317
179.5993412208
179.5741211832
179.6109718379
179.5826957261
179.5923305397
179.5745041919
179.6071300723
179.6033448011
179.5849749812
179.5802770132
179.5923354322
179.5866454508
179.5869074839
179.6065564312
179.5953740596
179.5729137657
179.6059252848
179.5581143560
179.5648155678
179.5855835948
179.5725503325
179.6032154550
179.5870010303
179.5703043257
179.6047572665
179.5826692101
179.5794749363
179.6032076553
179.6070804350
179.6099446037
179.5824985401
179.5906769818
179.6060916423
179.5725118219
179.5838470227
179.6036810150
179.5695500617
179.6067082331
179.6041585373
179.5810312439
179.6146450295
179.5648756743
179.5865286646
179.5987760384
179.5849542795
179.5793262001
179.6305350246
179.5986565283
179.5797530861
179.5860876988
179.5511891743
179.6035732215
179.5698921380
179.5552221373
179.5975019071
179.5759627217
179.6125378162
179.5994735175
179.5536325685
179.5790725587
179.5916785588
179.6037932437
179.5990402032
179.5915471763
179.5877229928
179.5762496558
179.6315288136
179.5893408203
179.5812750186
179.6048480707
179.5973524238
179.5999984982
179.5833125282
179.5776646908
179.5688320799
179.5928616508
179.5789040680
179.5843026237
179.5805504591
179.5311912592
179.5724148689
179.5601802689
179.5720422216
179.5870755859
179.5886051435
179.6118215730
179.5708546570
179.5736330247
179.5846311020
179.5987942148
179.5903012109
179.6084972496
179.6329001288
179.6008308224
179.5823831266
179.5638686684
179.5630228147
179.6107809992
179.6002144560
179.5801326744
179.6045888872
179.6257867480
179.5774822892
179.5939015163
179.5885056734
179.5921026690
179.5740484619
179.5922634984
179.5981931529
179.5967571928
179.5745143488
179.5992521832
179.5866735255
179.5632019588
179.6067829699
179.5557408394
179.5771480294
179.5929987361
179.5646432513
179.6155792636
179.5566404838
179.5722336901
179.5861321106
179.5705025858
179.6042558507
179.6033118473
179.5913446663
179.5661406776
179.6093870291
179.5851514372
179.6027174052
179.5865165942
179.5733654042
179.6065564407
179.6061649654
179.6052160548
179.6056425608
179.6048964458
179.5956401650
179.5973715789
179.5917802399
179.5976570090
179.5512770769
179.5823636977
179.5828589565
179.5808504737
179.5947702139
179.6038040371
179.5779511290
179.5761790005
179.5479765572
179.5784639381
179.6087631673
179.5770936932
179.5610156024
179.5713468033
179.5566777011
179.5989754799
179.5689102174
179.5870059617
179.6181496683
179.5825293973
179.5861899331
179.6005613729
179.5704434153
179.5874990279
179.5980174519
179.6145124670
179.6018971263
179.5857586883
179.6123929465
179.5839370613
179.5802446349
179.5941726635
179.5893741480
179.6125256244
179.5935435150
179.6121346571
179.6195474499
179.5807485217
179.6094649820
179.5723596599
179.5936577123
179.5957284270
179.5756209337
179.5985579742
179.6196899117
179.6026910498
179.6071756085
179.6076889366
179.5757808749
179.6222564201
179.5896010139
179.5877415832
179.5955780429
179.6125333225
179.6227819271
179.5772391089
179.6169926732
179.5944875174
179.5856025760
179.6134418252
179.5781828891
179.6102308496
179.5865792255
179.5720912207
179.6433315072
179.5732912047
179.5966199175
179.6193610207
179.5754580117
179.5733401225
179.6030862591
179.5768993804
179.5762730805
179.6157959115
179.6118621278
179.6158188854
179.6237536865
179.5945399048
179.5450413729
179.5831080646
179.5790458569
179.5895561373
179.5996041724
179.5873839109
179.5590815335
179.5685255678
179.5886682997
179.5839684000
179.6209736340
179.6121572613
179.5955342303
179.5786202517
179.5687758943
179.5540243866
179.5455086678
179.5739174948
179.5916018134
179.5555961243
179.6325742727
179.6043667530
179.5702833078
179.5987586645
179.5901161194
179.6126178710
179.6002309470
179.6160920133
179.5879345356
179.6168455894
179.5900203369
179.5664753045
179.5330775951
179.6018022480
179.5857533200
179.5923020539
179.5921401768
179.5849517130
179.6150514371
179.5798254168
179.5990907265
179.5936247972
179.5710044796
179.6355983815
179.5839714158
179.5682246500
179.5987890627
179.5968122854
179.5760430559
179.5585057845
179.5955537127
179.5588422052
179.5658612712
179.5935513546
179.5555369959
179.6284184614
179.5819094872
179.5736079807
179.5800406142
179.5525931087
179.5895913359
179.5801395599
179.5942610581
179.5945769237
179.5624485382
179.6086654096
179.5887400916
179.5587444932
179.5905562163
179.5979440945
179.5938580289
179.6117376413
179.5903093412
179.6457920237
179.6061381322
179.5704430632
179.6083958458
179.5871007733
179.5982717492
179.5955683910
179.6103944151
179.5871694631
179.6056354103
179.5685013637
179.5612763428
179.5713429569
179.6084301811
179.6050886837
179.5949178738
179.5586701975
179.5534660290
179.5579512661
179.5817249523
179.5546314650
179.5714320508
179.5926842517
179.5785830048
179.5813368642
179.5849255221
179.5780774058
179.5657533435
179.5537243815
179.6129409718
179.5691760808
179.5887396959
179.5808042757
179.5667873356
179.5913293916
179.5813138992
179.5698240645
179.5920844270
179.5899829556
179.5801129687
179.5875580754
179.5755639411
179.6122561386
179.5983840285
179.5851674711
179.6118300281
179.5826391923
179.5779701509
179.6026586495
179.5677756170
179.5847684203
179.6013933447
179.5650406512
179.5995388410
179.5971847970
179.5603540691
179.5786384473
179.5968765591
179.5772822260
179.5867863891
179.5606766759
179.5672102970
179.5823413344
179.5679221640
179.5631507075
179.5863020062
179.5687499422
179.5936943549
179.6000539894
179.5863191136
179.6142176038
179.5532162715
179.5405439850
179.5916263417
179.5838027124
179.5872407219
179.6071277019
179.5846637290
179.5755577448
179.6399349236
179.5873986085
179.6046261837
179.5907344533
179.5528708772
179.5835089813
179.5995396563
179.5668537610
179.6089304171
179.6071532140
179.6147165435
179.6222803032
179.5639562791
179.5943341444
179.5759076522
179.5545836283
179.5858618290
179.5992200230
179.5504631905
179.5614377985
179.5897178420
179.5940982063
179.5869286077
179.5984206577
179.6054246792
179.6006907019
179.5918888805
179.6085713682
179.6199337771
179.5949445155
179.5999196198
179.6005315475
179.5742981450
179.6001287425
179.6031959333
179.6048724142
179.5535295705
179.5647535307
179.5713699777
179.5496121855
179.5886580667
179.5912275618
179.6078538897
179.5764655749
179.5615025626
179.6108117742
179.5844719454
179.5796872736
179.5899403598
179.5783025607
179.5749352094
179.6192307172
179.6027394622
179.6276183670
179.5827861731
179.5550847755
179.5621740351
179.6065928695
179.5684213365
179.6082207014
179.6179207726
179.5962993550
179.5698456466
179.5634186182
179.5584828427
179.5881622690
179.6029941540
179.5445267196
179.5810002768
179.6057835008
179.5646890247
179.6017163310
179.5874774018
179.6040943743
179.6151908459
179.5651752053
179.5800366762
179.6079683340
179.5659249060
179.5620624899
179.6133942007
179.5742356711
179.5958308011
179.5966629867
179.5461822258
179.5769849089
179.5864535735
179.6082622219
179.5879044011
179.5695983604
179.6056516008
179.5711450446
179.5756095463
179.6106827282
179.5803875646
179.5828871281
179.5923136715
179.5772279720
179.5950651853
179.5521945427
179.5770925539
179.6074081419
179.5849544915
179.5980617186
179.6114250741
179.5907026112
179.6012160880
179.5336905050
179.5563133642
179.5628611537
179.5722756666
179.5390383453
179.5740558196
179.5655507038
179.5837129306
179.5585981906
179.5874017423
179.5717600483
179.5648934002
179.6259433315
179.5893242277
179.5972421196
179.5594568165
179.5564321959
179.5983020042
179.5555440162
179.5594112662
179.5652595725
179.5688893054
179.5683428826
179.5720484180
179.5888345415
179.5704223644
179.5818615025
179.5480067526
179.5331149272
179.5456256117
179.5482048845
179.5707404279
179.6105802355
179.5989010411
179.5385624233
179.5736590436
179.6144978419
179.5840316161
179.5726097901
179.6023406890
179.5943441857
179.5956260803
179.5807170948
179.5744677774
179.6003595114
179.5878126208
179.5779047057
179.5652152843
179.5790722295
179.5926991775
179.6047128906
179.6065515396
179.5663703770
179.5437865693
179.5780802872
179.5460799588
179.6044267047
179.5986481948
179.5787471275
179.6147117409
179.6045765373
179.5614952161
179.5853255401
179.5867427426
179.5955822989
179.5838060392
179.6130035828
179.6006170977
179.6288374298
179.6225357339
179.6288103890
179.5723102520
179.5851403728
179.5889021885
179.5747951798
179.5874795737
179.6119944207
179.5766250604
179.5938181658
179.5798405034
179.5568696508
179.5861307330
179.5894974788
179.5887993146
179.5875512732
179.6030874216
179.5845195506
179.5667406939
179.5808900704
179.5943862150
179.5941917940
179.6165958515
179.6027957893
179.5991812154
179.5825484985
179.5716554335
179.6130613780
179.5543786368
179.5769185762
179.5939952651
179.6071906508
179.6032104444
179.6003564191
179.5995872070
179.6050201230
179.5919404667
179.5853678910
179.6060540538
179.6025422446
179.6080665443
179.5869439614
179.5585675637
179.6181201514
179.5819103150
179.6038178377
179.6027612281
179.5567563337
179.5884610069
179.5919275791
179.5892740257
179.6087711873
179.5918945987
179.5738386441
179.6114174632
179.5686040368
179.5837652456
179.5694101493
179.5693020234
179.5916813358
179.5842516003
179.5835100904
179.6115578496
179.5842534460
179.5707657098
179.5755453544
179.6069882166
179.5654121665
179.5942485983
179.5809868611
179.5812341589
179.5547893559
179.5991146301
179.5756694394
179.5971435084
179.6066071737
179.6016627724
179.5911138324
179.5566575647
179.5935044609
179.5761664857
179.5806522819
179.6042874353
179.5835131397
179.5845826657
179.6470840339
179.5800514720
179.5913930077
179.6068467955
179.6029284647
179.5837699715
179.5952361717
179.6180690338
179.5817664717
179.6032230069
179.5669648656
179.6027072170
179.6083262544
179.6183335789
179.6154695152
179.6199231888
179.5942530383
179.6089586229
179.5952119294
179.5727872574
179.6145107940
179.5926721343
179.5860957191
179.6035531265
179.5750005338
179.6089323970
179.6072506526
179.6180392495
179.5802050013
179.6008550898
179.6099998675
179.5686196486
179.5734757531
179.5958883274
179.5974141440
179.5988029583
179.6078414417
179.5809161989
179.6115135699
179.5895523030
179.5523202105
179.5957731439
179.5596012756
179.5995125354
179.5767077375
179.5780360592
179.6051892640
179.5693179919
179.5934271242
179.5839543658
179.5819899169
179.6039645806
179.6056256133
179.6065051190
179.6247398191
179.5997587798
179.6108365122
179.5841217976
179.5551407276
179.5947321210
179.5979279136
179.5895337966
179.5838737118
179.5589839758
179.5815705448
179.6215214641
179.5801883692
179.5911225517
179.6139194159
179.5834575642
179.5978068534
179.5988073765
179.5893070437
179.5717779277
179.5943240523
179.6146523151
179.6036168006
179.5549646065
179.5626831745
179.6110804638
179.5653896799
179.6147178692
179.5824942870
179.6095757296
179.5722611764
179.5917139147
179.5785987950
179.5633901865
179.6052068782
179.6248949416
179.5678669197
179.5960771901
179.6102139653
179.6044786101
179.5979991309
179.5726225285
179.5940499034
179.5948832460
179.5710011062
179.5960267766
179.5311638582
179.5662431980
179.5858589455
179.6102392133
179.5722534680
179.5869090498
179.5884750157
179.6230323434
179.6069485695
179.5772418924
179.6078619365
179.5883994572
179.5940670036
179.6271433929
179.6357313182
179.6104162494
179.6066023909
179.6137434065
179.5955909424
179.5910191186
179.6100963867
179.5952455124
179.5948954637
179.5716956681
179.5824460214
179.5851447191
179.5790624060
179.6290730617
179.5735002642
179.6142431122
179.5895053590
179.5959770514
179.6198189394
179.5851858200
179.6041533504
179.6414638112
179.5901296885
179.5682540108
179.5973340065
179.6044950461
179.5938413886
179.6104951467
179.5470490388
179.5977541307
179.5860968636
179.5826119891
179.6066202608
179.5751569138
179.5575311826
179.5621648436
179.5616927573
179.5801924098
179.5559320532
179.6119545203
179.6098951298
179.5973509972
179.5963281193
179.5764324903
179.5840818615
179.6037067308
179.5844513637
179.6178314763
179.5926168129
179.5946057654
179.6235882288
179.6192737275
179.5673495952
179.5869272618
179.5815464841
179.5821350290
179.5378781583
179.5941332322
179.5941618433
179.5867108572
179.5896276042
179.5845796831
179.5999470011
179.5890206467
179.5805610394
179.6004932090
179.6237274266
179.5875876794
179.6070885646
179.5697525001
179.5982371626
179.6072903413
179.5814074650
179.6134020290
179.6299796884
179.6134431013
179.5958506693
179.6149464702
179.5639457846
179.5916329064
179.6239715258
179.6130743341
179.5816506041
179.5948506058
179.5951115096
179.6303540126
179.5849964992
179.5875741678
179.5840827916
179.6252551342
179.5782456773
179.6056320504
179.5987496512
179.5644954560
179.6051364064
179.6120347576
179.5733793333
179.6055338952
179.5803946050
179.5693915232
179.6120263229
179.6450028216
179.6089753591
179.5904067339
179.6314142022
179.6117537599
179.6018464709
179.5893741553
179.5848916261
179.5933516408
179.6273707831
179.5888857763
179.6233143339
179.5975280410
179.5801455695
179.6079785644
179.5859942030
179.6095294392
179.6012068690
179.5407173797
179.5693781539
179.6027346705
179.5961008423
179.5753162524
179.6074158497
179.6059231680
179.5752654404
179.5707430398
179.6268645612
179.5901392645
179.6151948265
179.6124139933
179.5939759473
179.5866191495
179.6242431389
179.5809013139
179.5974159331
179.5702785612
179.5457105967
179.5970385384
179.6116793256
179.5776674935
179.5817413795
179.5645714213
179.5790227540
179.6147097706
179.5854358937
179.5913912965
179.5871247147
179.5330939166
179.6098635447
179.5857996721
179.5662886904
179.6002779052
179.6314105237
179.6424495410
179.6003751907
179.6243081149
179.5767060927
179.6090451843
179.5947263302
179.5668634117
179.6036644359
179.5985452416
179.5994417686
179.6199076476
179.6070996803
179.5993499569
179.6188939605
179.6005630295
179.6236690712
179.5557761301
179.6116101921
179.6017305782
179.6219038491
179.6047933715
179.5813052398
179.5979291730
179.6051679271
179.5977903593
179.6134186771
179.5652983963
179.5791751893
179.5897777581
179.5854892214
179.6087629416
179.5882077968
179.5720580830
179.6118862188
179.5958737738
179.6201178497
179.6077036727
179.5701830092
179.6305504874
179.5937968282
179.5740859882
179.5715753360
179.6008230281
179.5564697601
179.5812853069
179.6238011620
179.5799331516
179.6418837771
179.5948034780
179.5661959749
179.5948064442
179.6010312213
179.5996212352
179.6274624140
179.5777357920
179.5837208126
179.5720480308
179.6081238860
179.6205937240
179.6289155849
179.6157368185
179.5945534976
179.5965077843
179.5572314088
179.6305066963
179.6296659019
179.5901671801
179.6045324817
179.5792390309
179.6167962043
179.6253959791
179.6083776592
179.5874277471
179.6139859341
179.5814691961
179.5806763460
179.5736792757
179.5709010735
179.5933861802
179.6189739183
179.5698556802
179.5796217285
179.6125309032
179.5845931516
179.5947802708
179.5884433824
179.6127320767
179.6289592965
179.5861987461
179.5880581059
179.6094606428
179.5705025653
179.5842001295
179.6194739636
179.5673945021
179.5506975282
179.6253169731
179.6016671583
179.5927114026
179.6015864055
179.6004184497
179.5647287254
179.5911450994
179.5896380185
179.6007543446
179.6067684657
179.6191118291
179.5885700444
179.5975170903
179.6252260682
179.5856054940
179.5560738213
179.5564521701
179.6098504136
179.5810629169
179.6101629108
179.6064961416
179.6395340115
179.5993517043
179.6146882964
179.6360396307
179.6399526813
179.5936258536
179.5755739483
179.6045734832
179.5590494515
179.5952208012
179.5898883314
179.5700193390
179.6049925169
179.5949038669
179.5941545873
179.5931520082
179.6060684107
179.6080067987
179.5845303840
179.5934217911
179.6115015365
179.6145976668
179.6155594399
179.5831772722
179.6122653060
179.5981630389
179.6147627630
179.5982227574
179.5892886868
179.5762375217
179.5679355209
179.6243773034
179.5950351516
179.5780072588
179.6149356900
179.6091673941
179.6077519551
179.5948072722
179.5815375474
179.5834168436
179.6337853293
179.6193080072
179.5952020850
179.6030520289
179.6093245596
179.6017974395
179.6390854799
179.5859118856
179.5885824812
179.6054888214
179.6249858648
179.6167605851
179.5801696851
179.6096099945
179.5618655247
179.5720569864
179.5970050353
179.5993512208
179.5558516568
179.5621974972
179.6065670780
179.5772335764
179.5967639092
179.6138088089
179.5981423814
179.5999847037
179.6031753908
179.5265800076
179.5899367282
179.5885471611
179.5796118545
179.6013483882
179.5977011550
179.6091001101
179.5749515065
179.5845268140
179.5782918793
179.5934834994
179.5989835979
179.5685798399
179.5865150586
179.5750406557
179.5515799356
179.5878097870
179.6086134632
179.5870664683
179.5813850439
179.6030480777
179.5732831873
179.5645835215
179.6187402551
179.5795227453
179.6057418039
179.5643113198
179.5822543416
179.5890893818
179.5851761623
179.5841650289
179.5767450557
179.6128678633
179.5737402200
179.6084930632
179.5660216841
179.5727329065
179.6134282038
179.5723904989
179.5903180037
179.5935171121
179.6081793430
179.6044446771
179.5754175065
179.6121987285
179.5767323206
179.5927191049
179.6066658861
179.6006568234
179.6054443057
179.5998875827
179.5682389310
179.5928974838
179.5837813963
179.6167097741
179.5941521439
179.5710728392
179.5906989641
179.6021632912
179.5661552758
179.5993132888
179.6070893934
179.5658222333
179.5902822898
179.6005439040
179.6329420960
179.6023098659
179.6336671243
179.6171448699
179.6031285933
179.6052657979
179.5877122959
179.5894313088
179.5590855682
179.5763034538
179.5882432662
179.5725769797
179.5894428431
179.5987821618
179.5659891930
179.6220180226
179.6171370879
179.5786190737
179.5887068412
179.5718143260
179.5656847728
179.5892113294
179.5645845074
179.5840464551
179.5920019293
179.5780993274
179.6152849048
179.5894728077
179.5769419864
179.6014751924
179.6015260255
179.5523096377
179.6233573065
179.6046885423
179.5971259401
179.6229461504
179.5747484639
179.5831052015
179.5770827503
179.5778323929
179.6205729178
179.5950841726
179.5999663492
179.5770867891
179.5977438856
179.6109320879
179.6041792735
179.6337228494
179.6389923609
179.6171919255
179.6048922411
179.5650237746
179.5971355698
179.5988565309
179.6007017554
179.5893283661
179.5765371498
179.6012360536
179.5676431625
179.5961712624
179.5999857669
179.5872053140
179.5790874840
179.5866933282
179.5803834058
179.6001425192
179.5629960916
179.5963284824
179.6130784147
179.5936860679
179.5538553905
179.5608830811
179.5869913493
179.5711176625
179.5991183957
179.5761645961
179.5535780549
179.5931088505
179.5491506830
179.5864899744
179.6164961324
179.5908638970
179.5925452483
179.6233409405
179.6109279990
179.5889741421
179.5909706577
179.5652778302
179.5745954451
179.6112476861
179.5840976475
179.6201972170
179.6014060223
179.5987042405
179.5757775450
179.5790472331
179.5881760214
179.5889555382
179.5589369738
179.6144246935
179.5868475331
179.6077204070
179.5697732048
179.6149989149
179.6075119678
179.5992333031
179.6312367539
179.5995314244
179.6399177265
179.6158524243
179.5797711271
179.5995357880
179.5799007200
179.6039953489
179.5905901858
179.5733655338
179.5931616357
179.6070617736
179.6010684380
179.6092744906
179.5933144178
179.6063744649
179.5909819061
179.5918172584
179.6315680233
179.5836803800
179.6005989897
179.5626518083
179.6047734779
179.6048295994
179.6006270867
179.6178375660
179.5782544325
179.5763666592
179.6131687460
179.6037183526
179.6209875183
179.5914626577
179.5665828796
179.6157825478
179.5903467355
179.5984132297
179.5973702508
179.5793755863
179.5849460565
179.6170125446
179.6138207071
179.6026218648
179.6059331941
179.5948691211
179.6149989728
179.5869948140
179.6170207173
179.6005778303
179.5506471461
179.6005226358
179.6006509669
179.5669017157
179.5846781938
179.5695898547
179.5730125619
179.6156264724
179.5812326961
179.5593495182
179.5894124194
179.5982467404
179.6231581702
179.5974496351
179.6252687209
179.5753249086
179.5803023838
179.5292994527
179.5715842339
179.6002649450
179.5849029471
179.5801154697
179.6068663500
179.5693372292
179.5705985228
179.6206109900
179.5595411307
179.5712840679
179.5797565413
179.6040526368
179.6254781105
179.5833274764
179.5892848554
179.5441318979
179.5670633195
179.6037199550
179.5995280427
179.6110812451
179.6101515271
179.5986061435
179.5792455692
179.5997289078
179.5878201284
179.5884835649
179.6245816669
179.5950082746
179.5721742740
179.5630700162
179.5816967639
179.5780031875
179.5572543973
179.6112895155
179.5827480809
179.6006235159
179.5895875056
179.5603241198
179.6086095330
179.6136555558
179.5984354029
179.5742634330
179.5792951630
179.5988746274
179.6037478615
179.6021214966
179.6124349405
179.5642845269
179.5712351929
179.5569155421
179.5928582535
179.5659031023
179.5861289221
179.6077601200
179.5898671853
179.5965890260
179.5967321221
179.5788245482
179.5973496963
179.6086448781
179.5691535225
179.6153894234
179.5847315874
179.5806191835
179.5922897668
179.5613216823
179.6093769439
179.6069102872
179.5703967570
179.5789830523
179.5664128517
179.6280856730
179.6158354561
179.6181251265
179.6263855781
179.5883476191
179.5713682978
179.6098753866
179.5847746844
179.5687278799
179.5828256689
179.5902498535
179.6184026274
179.5947968494
179.6124763430
179.6151923764
179.5753472792
179.6252442216
179.6086623405
179.5997785202
179.6241117823
179.6097205372
179.5807165700
179.6252129866
179.6000237886
179.5650249434
179.5951903822
179.5829344005
179.5928842357
179.6151253866
179.5830254836
179.5910000990
179.6159963095
179.5757685490
179.6005152876
179.5734423724
179.5484985336
179.5964287266
179.5977066573
179.5938164542
179.5919641224
179.6133814479
179.6163217053
179.6040479187
179.6002672332
179.6022580486
179.6159517674
179.5824607517
179.5680273619
179.5666848319
179.5919008046
179.5960250464
179.5869249041
179.6189287714
179.5687212340
179.6085189310
179.5822033219
179.6072651807
179.5957058933
179.5756336856
179.5851128418
179.4452003044
179.4642318042
179.3970547177
179.4246276442
179.4271369163
179.3975607961
179.4040576548
179.4300741359
179.4005709824
179.4272011172
179.4570613612
179.4433031428
179.4236540894
179.3918360863
179.4056363775
179.4348354831
179.4320536140
179.3900963250
179.4206017109
179.4083305695
179.4329380464
179.4711808671
179.4202762840
179.4570909430
179.4549448629
179.4268234516
179.4419410262
179.4582244159
179.4032321801
179.4284538853
179.4338623331
179.4082865880
179.4260583821
179.4060540146
179.3499744442
179.4316563139
179.3918005534
179.3883342627
179.4693445369
179.3898948203
179.4307927647
179.4310510670
179.4159023511
179.4513720343
179.4707361768
179.4117235723
179.3729191379
179.4381982284
179.4133234156
179.4779367326
179.4027902188
179.4198364061
179.4144077218
179.4366194772
179.4333803861
179.4119143024
179.4303129035
179.4245999137
179.4203367208
179.4317701869
179.4065330319
179.4226331284
179.4488259507
179.4224721735
179.4452306674
179.4468579936
179.4575429706
179.4101149347
179.4222457109
179.4327385208
179.4783225270
179.4230155578
179.4103451823
179.4776074422
179.4449214569
179.4258738108
179.5119941264
179.4510096290
179.3908926092
179.4534700781
179.4298601460
179.4363435802
179.4560621564
179.4547641508
179.4554330886
179.4587674918
179.3981472339
179.3526813473
179.4375488374
179.4457724562
179.4298651030
179.4566638158
179.4396978586
179.4265061586
179.4756277341
179.4203168031
179.4559647698
179.4687622807
179.4434576770
179.4793380649
179.4326092742
179.4581667705
179.4636231127
179.4293690924
179.4246244248
179.4662070591
179.4458022188
179.4194877508
179.4842666194
179.4459093536
179.4555313687
179.4108813229
179.4288367243
179.4999203794
179.4419565245
179.4004769966
179.4535349024
179.4295542220
179.4399938525
179.4355642013
179.4652044385
179.4671633814
179.4922185768
179.4558737998
179.4088727519
179.4678687449
179.3946048473
179.4376812025
179.4623089810
179.4607916958
179.4159959548
179.4690360320
179.4314416504
179.4638886843
179.4372298242
179.3539803180
179.4348786099
179.4282968497
179.3643698058
179.3971224374
179.4282844811
179.3975514001
179.4250801452
179.4453163356
179.4157326454
179.4225636702
179.3798753243
179.4578067357
179.4355052609
179.4398141066
179.4339861800
179.4039293732
179.4582481202
179.4587501124
179.4402373351
179.4552999933
179.4183336531
179.4172804668
179.4890704553
179.3921398245
179.4410323666
179.3992799130
179.4059823650
179.3988903448
179.4171338112
179.4091431247
179.4559540829
179.3883492238
179.4541339744
179.4157344306
179.3715288706
179.4536934364
179.4144821281
179.3680562688
179.4319204051
179.4132810507
179.4262532620
179.4492732705
179.4191328648
179.4375091037
179.4135221081
179.4543036469
179.4246842996
179.4086508998
179.3630760422
179.4566198885
179.4060752979
179.4345859378
179.4070105295
179.4183084071
179.4387573794
179.4161039972
179.4143864019
179.4463023294
179.4675767476
179.4052863280
179.4003570169
179.4569595433
179.4281091439
179.4350172622
179.4746085914
179.4308410492
179.4585653017
179.4188446342
179.4157523167
179.4326988864
179.4295811206
179.4692865949
179.4381742470
179.3972392086
179.4501339359
179.3895118187
179.4244096746
179.4597405185
179.4300458506
179.4668063655
179.4261151950
179.4718327104
179.4279210174
179.4307953127
179.4477402295
179.4582152601
179.4061786149
179.4579477311
179.4824656833
179.4017712891
179.4191119495
179.4106666673
179.4111850573
179.4344966723
179.4333423846
179.3769010679
179.4103000837
179.4198576294
179.4217868828
179.4548756557
179.3628372588
179.4356256431
179.4343431297
179.4126992218
179.4304138316
179.4328888511
179.3907450597
179.3986040746
179.4037597557
179.4065634114
179.3727225321
179.4764146323
179.4359206959
179.3781643457
179.4230911679
179.4952227112
179.3737239858
179.3993431105
179.4104759279
179.4575604951
179.3612746441
179.4312138974
179.4191063293
179.4300013055
179.4489700335
179.3919862182
179.3984696348
179.4350706448
179.4443089549
179.4469265839
179.4195320979
179.4735018810
179.4202281882
179.4054287687
179.4148817863
179.3961499456
179.4010858069
179.4205348416
179.4175794455
179.4658774330
179.4588319973
179.3925597152
179.3414717945
179.4260274855
179.4631398847
179.4141636446
179.4397036825
179.3837434874
179.3990272701
179.4568940796
179.4558939639
179.4938886646
179.4188498636
179.4370332916
179.4343485539
179.3921371821
179.4551540084
179.4403880954
179.4344730423
179.4363216375
179.4180517404
179.4509001338
179.3945561335
179.4092764193
179.4275267370
179.4485135036
179.3894905162
179.4339489749
179.4541550436
179.4132790175
179.4031170764
179.4426220727
179.3634336451
179.4317826986
179.4527478916
179.4247532435
179.4252561060
179.4161215237
179.4029505154
179.4672678033
179.3702160701
179.4359808374
179.4208571102
179.3369628907
179.4281135987
179.4330968699
179.3593818753
179.4237042449
179.4116057549
179.3851394771
179.4319097414
179.3669117789
179.4177765278
179.4487065930
179.3905737921
179.4549440980
179.4081956334
179.4526713962
179.4361212313
179.4441754712
179.4503157981
179.4217418160
179.4356459938
179.4142112532
179.4177959238
179.3973629175
179.4161895558
179.3707379802
179.3882654812
179.4026937041
179.3980910638
179.4589066787
179.4337269998
179.4319202954
179.4705165816
179.3984287405
179.4197738492
179.4686153181
179.3991681413
179.4328858373
179.4153219065
179.4112274920
179.4208154157
179.3850644947
179.4401418881
179.4093820968
179.4418020742
179.4348097029
179.4354537626
179.4270089092
179.3630478355
179.4605280246
179.4012711928
179.3949089434
179.4088523611
179.4164708318
179.4099246719
179.4806776876
179.4168528440
179.3903506544
179.4414948970
179.3977008633
179.4435746999
179.4498093038
179.4332238232
179.3685423804
179.4444641882
179.4328143794
179.3887624804
179.4437855874
179.4610273232
179.4565017298
179.4734538136
179.3887348222
179.4225651597
179.4001809648
179.3783267864
179.4524007078
179.4518157646
179.4075994590
179.4168765281
179.4912304221
179.4628912608
179.3895811165
179.4613020868
179.4351713350
179.4333786200
179.4442333960
179.4752219327
179.4632830372
179.3937060147
179.4487048736
179.4269276293
179.4086842873
179.4201960533
179.4537170175
179.4598276506
179.4404592793
179.4093023208
179.4414656048
179.4708970696
179.4247935208
179.4516679645
179.4390385492
179.3800634152
179.4247803444
179.4298104815
179.4021975703
179.4218171500
179.4346357169
179.3966931982
179.4470581601
179.4831149679
179.4059158618
179.4509296835
179.3994760659
179.4284076374
179.4300962022
179.3822836634
179.4127115964
179.4498844926
179.4049720052
179.4622397250
179.4239686923
179.4466387645
179.4718364494
179.4371536638
179.4568385259
179.3871577952
179.4128630981
179.4378187489
179.3759028925
179.4471318814
179.3946973388
179.4458107070
179.4312662889
179.3612158163
179.4088630018
179.3956653615
179.4378892972
179.4622759729
179.4151515664
179.4521481150
179.3994739069
179.3890371614
179.4418246464
179.4064265338
179.3901181775
179.4651859842
179.4378701128
179.4312051623
179.3989441777
179.3666210326
179.4168593066
179.4081448918
179.3735689871
179.3974161297
179.4533477035
179.4255770632
179.4213455580
179.4510782971
179.4583883729
179.4032451405
179.4201680320
179.4166672668
179.4123363775
179.4065144832
179.4267310595
179.4439083181
179.4249997279
179.4202584478
179.4136485435
179.4669886863
179.4246391280
179.4134315354
179.4875864426
179.4327907353
179.4295612504
179.4764017628
179.4498791999
179.4168437728
179.4659334301
179.3970450604
179.4175737458
179.3879398079
179.4237792509
179.4632732282
179.4869079403
179.4000132181
179.4601439728
179.4249887555
179.4238893517
179.4290390633
179.4062354589
179.4614935678
179.4255203244
179.4009791741
179.4764689806
179.4164450436
179.4168156267
179.4640077629
179.4215049304
179.4060385998
179.4512684729
179.3681383211
179.4540420549
179.4488510417
179.4157806051
179.4262821647
179.4193522944
179.4216697391
179.4364902801
179.4698872353
179.3706258225
179.4112129539
179.4073637009
179.4186543477
179.4398129364
179.4523046645
179.3913799764
179.4325628171
179.3917377050
179.4617281849
179.4707863445
179.4387891681
179.4103097351
179.4027135849
179.4198012860
179.4462723378
179.3727942945
179.4235427827
179.4042210484
179.4054007501
179.4174429243
179.4178426456
179.3832669001
179.3942727828
179.3497476583
179.3768675560
179.3604526284
179.3844580926
179.4221773064
179.4476164888
179.4172832603
179.3964114399
179.3954141271
179.3577667165
179.3851979638
179.3636264561
179.4197885675
179.4361793861
179.3935086146
179.3920122954
179.4288121861
179.4057445795
179.4004712421
179.3698382680
179.3968619257
179.4153933663
179.3686634548
179.4162529179
179.4065107099
179.4079384069
179.3879700591
179.3504641064
179.4141308622
179.3812543237
179.3689023521
179.4283816773
179.4371558315
179.3991905132
179.3959453513
179.4363711596
179.3967715493
179.3940738617
179.4718070060
179.4326466423
179.4504404910
179.4267299959
179.4142200345
179.4358984983
179.4080735126
179.4287349393
179.3892623955
179.3810565133
179.4183594451
179.3697694395
179.4221030048
179.4408643352
179.4210786114
179.4687326606
179.4443417303
179.4204044316
179.4778835856
179.4047996502
179.3744963821
179.4501767416
179.4444187980
179.4050384732
179.4290281988
179.4238205744
179.4134514600
179.4258912559
179.4049424792
179.4564789228
179.3869529853
179.4004814031
179.4464275221
179.4080078631
179.4643456697
179.4261301959
179.3458253520
179.4460025727
179.4272336168
179.4114319096
179.4106903028
179.3953999951
179.4107703808
179.4212938180
179.4071714520
179.4199049430
179.3846280582
179.4485400893
179.4355815687
179.4081781211
179.3735175526
179.4562903466
179.4348756756
179.4126436013
179.4519154271
179.4152682450
179.4189474658
179.4387728739
179.3910730260
179.4265182764
179.4015717701
179.4488325854
179.4149784959
179.4548525790
179.4184909412
179.4384178484
179.5080903958
179.4331994925
179.4345423648
179.3014535389
179.4213801094
179.4499304975
179.3996039354
179.4531627397
179.3884378705
179.3842604232
179.4283489155
179.4024001161
179.4364982707
179.3972208845
179.4312974788
179.4026268110
179.4469563294
179.4531862861
179.4226775247
179.4587939673
179.3708788629
179.4178061443
179.4320649475
179.3847427652
179.4299922903
179.4656554187
179.3734063829
179.4241047559
179.4285744568
179.4593994350
179.4276696637
179.4436491535
179.4102321682
179.3743573920
179.4058326114
179.4183840246
179.4268805113
179.4441234096
179.4007756039
179.3824680143
179.3848471737
179.4482939435
179.4046655676
179.4051908426
179.4454956468
179.3662836834
179.4263007214
179.4589768155
179.4082569371
179.4013867773
179.4457688513
179.3853356225
179.4331206585
179.4330369819
179.3960728513
179.3703301004
179.4076638147
179.4075992799
179.4195027040
179.4473945359
179.3874416728
179.4621755654
179.4161933235
179.4436150255
179.4171315373
179.4182895834
179.4568058718
179.3984594209
179.3822121800
179.4154459216
179.3795408986
179.4168985454
179.4232555568
179.4092252079
179.4534737530
179.4279719345
179.4300530290
179.4418052829
179.3986778590
179.3973256516
179.4412074836
179.3970280039
179.4263665299
179.4884322531
179.4170211813
179.4006156754
179.4071808072
179.4103426977
179.4247197699
179.4217321983
179.3880158998
179.4010180700
179.3832683378
179.4151657515
179.4045819045
179.3751586961
179.4482832040
179.3930306618
179.4283427888
179.4513671510
179.4236457486
179.4654322909
179.3958332336
179.4175786917
179.4258945405
179.3316063313
179.4204118493
179.4467836917
179.3497004473
179.4339598755
179.3917430407
179.3916663474
179.4236257084
179.3472416581
179.4007828956
179.4054465093
179.3932591406
179.3676298114
179.4031601655
179.4265455597
179.3852187592
179.3817800888
179.4071420143
179.4202007142
179.4231997932
179.3732411248
179.4173123130
179.3338611788
179.4106416433
179.3954237833
179.4061167777
179.4070082473
179.3940381431
179.3604090955
179.4068317146
179.4003360165
179.3764372665
179.3766429674
179.4277986918
179.4068299140
179.3921974887
179.4679879278
179.4389235557
179.3680632726
179.4017857387
179.3991819771
179.4157261206
179.4363463385
179.3939249067
179.4266953330
179.4628624629
179.3474050393
179.3778477255
179.4260369201
179.3973298165
179.4108617050
179.4338966988
179.4141339193
179.3898926952
179.4273225578
179.4134708896
179.3640747364
179.4586996661
179.4290503826
179.4186834657
179.3965698116
179.3611837732
179.4589274532
179.4639941413
179.3984458522
179.4096122560
179.3942046555
179.4006120724
179.3686096668
179.4512641971
179.4274567500
179.4075910044
179.4301202229
179.4101336976
179.4151605525
179.4186919698
179.3429208178
179.4071938865
179.4176272918
179.3815058172
179.4065310462
179.3753567988
179.3375716873
179.4153676787
179.3824015099
179.3876491455
179.4184943977
179.3577860021
179.4178258965
179.3641815502
179.3504339031
179.4046113752
179.4508165912
179.4109406709
179.4080252668
179.4055092954
179.4093497727
179.3663741370
179.4058683392
179.4071677300
179.4443605499
179.3806439920
179.4078567821
179.4645666331
179.3843767392
179.3972877950
179.4119750104
179.4109814567
179.4372085814
179.3833750998
179.4456359841
179.3830784038
179.4377902744
179.4255171053
179.4123189711
179.4477060873
179.4450067153
179.3889067407
179.3998344729
179.4057033796
179.4253319260
179.4073977254
179.4348780577
179.4447399011
179.3830597682
179.4521563537
179.4037016348
179.3805384226
179.4395585845
179.4525092577
179.4223163192
179.3564689034
179.4034542991
179.3610585838
179.3740300107
179.4282321448
179.3846818431
179.3669318726
179.4045182810
179.3544110969
179.4311802871
179.4209394419
179.4060555075
179.3834436703
179.3775779188
179.4127874282
179.4657136188
179.3539316040
179.3829456890
179.4286592076
179.4383992439
179.3888999761
179.3786073401
179.4291361693
179.4263674138
179.3991861398
179.4558723148
179.4001807433
179.4060172750
179.4078043046
179.4016532021
179.3992927688
179.3807758332
179.3822923346
179.4355447623
179.3885959660
179.3632768263
179.3830122903
179.3728446798
179.3703528240
179.4434469856
179.4080793783
179.4056620181
179.3891586729
179.3913950667
179.4047583576
179.3953162603
179.4157196688
179.4075677692
179.3919435173
179.3702839143
179.4455773697
179.3906726330
179.3918906734
179.4237885355
179.3802585324
179.4257739420
179.4450804539
179.4394362969
179.4102525438
179.4449920479
179.3788185986
179.3396734282
179.4333296372
179.4747924330
179.4029929038
179.3812803376
179.4306307207
179.4304920224
179.4184368191
179.4313085264
179.3902212861
179.4096631150
179.3944755446
179.4040155754
179.4578459309
179.3841224484
179.4180504240
179.4219747944
179.4013123354
179.4081462598
179.4556542427
179.4176649432
179.4523960917
179.4131177539
179.4261141905
179.4235360054
179.3717056782
179.3993988655
179.4322640141
179.4217768414
179.4577831954
179.4319804631
179.4275819572
179.3607746976
179.4163500280
179.4052861653
179.3910146925
179.4188633050
179.4249927864
179.4311814971
179.3756240934
179.4039637723
179.4070415576
179.3935442539
179.4433279261
179.4389833276
179.4284152729
