317.7112
319.912
322.8832
322.8724
322.3908
324.3472
324.6452
324.464
325.8024
326.7768
327.4816
330.2136
330.4424
332.89
332.9088
333.5496
335.1484
337.6608
335.5864
334.4108
334.5408
337.4004
335.3308
334.8396
333.8832
333.6044
331.7464
334.1548
338.2456
339.1632
336.5028
335.5584
337.4864
337.7308
336.306
339.3336
338.4308
338.7772
337.0072
338.1804
336.0228
334.9044
336.3388
338.1888
336.7432
335.3848
334.7744
335.202
334.8844
334.8048
335.108
335.6252
334.7968
334.1188
332.0224
330.7864
329.4948
330.5768
329.6604
327.796
327.6312
327.4352
326.5176
328.1296
327.8252
325.0464
324.6796
324.3644
323.8232
321.5464
322.4544
322.5692
322.3264
320.2752
321.704
322.4192
322.0536
318.7212
319.2384
321.4436
320.7224
319.9256
324.446
324.3768
324.0444
321.9476
323.6036
324.2232
323.5616
324.9572
326.6076
327.6684
327.444
328.4436
329.446
328.2544
330.8616
334.2916
335.7144
337.188
338.7056
341.8092
345.332
346.426
345.596
342.9572
342.9588
345.944
346.0824
343.9304
346.1876
346.6888
347.9236
347.9328
350.3988
351.2712
351.91
352.3488
354.3504
354.6212
355.872
356.472
354.1088
353.7712
354.372
354.7488
351.9392
348.9956
349.4648
348.944
351.4788
349.0544
349.1588
351.7372
350.6288
349.5712
352.0296
350.6032
351.6992
350.4484
353.5748
353.5708
354.6068
356.3004
359.0892
357.1524
358.074
359.632
359.8596
360.2996
360.7964
362.0764
362.9724
365.0456
367.554
366.8828
366.4628
365.8724
368.0736
365.626
363.9364
362.6352
360.058
358.0488
355.5868
352.996
352.8584
350.6276
347.596
345.6992
344.9776
341.7976
340.6312
341.3492
339.738
341.894
340.9628
341.4236
343.5596
343.1544
342.5292
343.6336
342.6516
341.9192
342.7776
341.0912
340.888
338.824
341.2408
341.9272
339.1692
339.7064
341.9576
342.1024
342.9104
344.6044
347.482
350.65
350.082
349.0824
352.8588
351.5868
350.4232
353.1908
352.9992
350.382
351.7172
350.6
349.2792
348.002
349.3048
350.8716
351.2868
349.2408
350.6584
354.3188
354.1552
356.5048
353.876
354.4216
356.6596
355.4792
355.2044
354.6744
354.922
356.0912
356.0332
355.036
353.5944
355.3664
352.6896
351.1612
352.1388
352.3576
352.1252
349.992
349.4204
347.0024
346.0904
346.3032
347.6644
347.0444
346.6876
346.9584
346.7488
345.9632
346.2752
345.4472
342.594
339.4616
337.978
337.324
335.86
332.58
335.2708
334.1684
334.3328
336.0412
340.4152
338.5712
339.1584
338.8448
337.2844
338.6832
339.448
338.7924
337.126
334.2344
335.5236
335.5608
333.1612
333.9308
334.9284
333.3316
332.9716
334.1752
335.8468
333.1968
331.044
331.1036
328.9916
327.82
327.35
326.1084
327.458
324.786
325.9944
328.1728
328.5556
328.6672
328.8036
330.1164
332.5568
333.3044
333.918
337.5472
337.7776
338.2904
338.73
339.2996
341.564
344.8068
345.658
348.1024
346.7852
348.6744
349.8436
346.7632
345.7756
346.1792
345.2716
344.1824
344.6484
341.202
340.4732
340.2716
341.2
340.5184
341.994
343.2484
344.0396
343.3084
344.3196
343.7452
343.3676
345.0804
347.3944
346.7992
346.7544
348.0468
348.018
349.5272
349.792
350.5164
350.7912
350.7728
350.92
348.5928
346.1796
345.5524
345.6312
348.06
350.3364
350.4112
350.178
351.782
352.5728
351.9412
352.4804
353.102
350.3672
347.1112
345.1704
345.428
342.9792
343.3592
344.1452
343.9016
344.7916
343.514
344.7328
341.7736
345.6296
346.0456
346.5428
345.8968
345.654
347.7432
345.0836
343.2356
343.1828
343.9304
347.0264
348.5676
345.5016
345.2728
346.6592
347.5812
348.7256
349.4112
348.6568
351.3504
350.7356
350.8408
352.148
351.4052
350.9592
351.544
353.8156
355.2352
351.9844
355.4416
358.1208
359.0304
359.4652
361.4092
361.4096
361.6004
362.8108
362.6356
364.9728
365.03
364.7712
366.0572
365.2288
365.3196
363.5484
365.5428
366.4324
366.2552
366.2696
368.898
370.5608
370.75
373.286
374.5388
375.8372
375.7552
375.87
376.2068
373.856
374.7864
373.7456
370.6868
369.0688
370.0828
367.7156
366.7272
363.9464
367.4888
366.8888
365.2168
363.6452
365.79
365.5036
365.8568
365.002
365.1116
366.2392
366.1528
367.1012
365.578
364.7908
363.754
363.9416
361.4852
361.1436
361.0456
359.324
359.7256
360.122
361.3644
359.6872
358.6036
359.1364
357.6504
357.052
357.1376
357.4728
358.8676
358.738
357.078
357.5708
355.8008
355.904
356.1928
354.914
354.8364
355.9784
354.4984
351.1928
349.7672
348.8108
347.5752
344.552
342.5636
340.7396
340.8332
339.174
339.2164
337.738
337.09
337.9704
337.6368
335.608
333.7348
329.4252
326.736
324.9344
324.728
324.1624
323.3208
323.3504
325.6252
324.3304
321.5544
321.4124
319.3728
319.966
320.4792
319.5796
315.7648
313.9012
314.4
315.194
315.106
313.7768
315.0328
313.9472
312.7512
315.2948
316.638
316.7828
317.5892
316.5048
320.4504
323.468
327.8388
328.6624
329.6528
328.9796
329.4496
330.9152
331.088
330.3256
330.768
333.8428
338.0844
338.6412
339.5024
343.536
343.8764
345.3688
344.038
345.7756
344.6068
343.2304
344.4204
344.5368
343.4228
344.6336
347.32
345.962
343.8964
345.088
348.318
348.388
348.286
348.1504
346.5648
347.382
347.2052
345.516
346.7164
342.3076
344.1292
346.0016
344.7612
346.0048
345.7484
345.9284
344.7232
343.6884
341.9932
340.8096
339.2676
339.004
336.1312
336.902
334.6816
332.5672
333.1468
331.7388
333.3176
333.7288
331.9548
335.658
336.5036
337.154
338.1444
342.018
344.6224
345.234
347.4296
348.8028
350.0776
351.948
348.2376
347.7632
349.0604
351.2924
349.4436
345.5712
346.3108
346.3524
342.4208
342.5724
343.3136
339.3596
340.1228
340.818
341.0132
342.4824
339.4472
342.2728
343.3524
343.246
343.168
341.2856
342.2976
342.9736
341.336
340.146
342.8028
344.5648
344.2804
345.6432
346.7932
347.5756
347.56
349.11
346.6652
347.6136
347.9612
347.3028
346.0272
345.4832
345.1228
343.5512
345.6896
345.3588
344.894
344.3252
346.5
346.544
345.7568
342.6692
343.5052
344.2732
342.6192
342.4528
341.8144
342.1956
343.6132
346.6268
347.3764
348.2988
346.7968
347.5344
349.4924
351.1156
349.8736
349.0584
348.8564
352.0228
351.732
352.366
352.0148
352.4284
352.682
355.34
354.8344
354.722
352.6452
351.8636
352.8764
352.22
353.1232
351.8024
352.4572
354.5472
354.1744
352.1604
354.218
353.7904
353.7136
352.638
356.2716
357.4172
356.9676
358.1932
361.4552
361.6472
361.898
361.688
362.4324
362.564
363.8004
363.2304
362.9672
360.9412
361.0588
359.8968
358.416
357.5192
356.4944
353.126
353.6528
353.9904
351.5936
350.43
350.4548
349.806
350.2308
348.9768
347.8028
348.7272
345.582
345.5648
348.3152
347.2032
347.1892
348.6972
350.2504
351.0368
350.6
352.984
352.92
354.9
356.09
356.208
356.152
355.408
354.9576
353.6828
351.8228
352.1284
352.5928
353.4292
352.706
352.1292
351.8792
351.7944
349.1092
347.222
346.458
345.9668
344.454
344.5396
342.8056
343.6352
341.7336
339.624
341.7904
341.2084
341.386
339.5164
336.9024
337.6124
337.616
336.1376
336.3916
337.9904
339.0084
337.6072
340.9392
342.2228
342.1276
340.8908
342.9792
344.564
345.2404
346.6668
347.5108
346.4656
346.7676
348.4852
347.2364
345.4928
343.8404
344.9092
342.7604
340.642
341.632
342.0928
341.4248
340.9468
341.7048
340.9924
341.8872
340.5436
338.9508
338.7012
336.4588
337.8292
337.0832
336.652
336.9488
334.8232
334.9164
335.352
333.9208
331.3212
330.2136
330.8828
329.5272
329.3484
329.734
326.4288
327.2576
328.534
330.194
327.402
324.1272
322.1004
321.8328
320.168
320.4672
320.024
318.6904
319.8432
319.3304
319.4288
317.8764
316.7956
318.324
319.47
321.8072
319.4768
318.734
319.868
319.3516
320.1784
322.1792
325.3644
323.878
321.5172
322.022
321.5236
323.1512
324.9168
325.6028
325.6504
325.0428
326.5556
327.68
327.7608
325.9228
327.0824
329.358
330.6888
329.3332
328.75
328.6312
329.232
329.3516
330.3584
330.7992
331.348
333.6012
333.9
332.2748
332.6772
333.1752
334.1556
332.32
332.8084
334.7672
332.552
332.7184
335.1668
336.6172
334.508
334.8756
334.5688
334.2288
336.4804
337.6124
336.64
334.75
335.0684
336.8572
335.1432
335.6764
336.5044
336.4504
337.4968
336.9076
339.0128
342.57
341.5712
340.7008
339.9568
340.0684
341.4712
340.56
341.3488
342.7168
342.7432
344.4888
343.9868
343.2392
342.8496
343.3448
342.9776
342.08
343.488
341.032
342.1668
343.9776
347.9924
346.234
345.2416
345.8684
347.1908
347.5476
347.6388
347.988
349.2832
347.2008
348.5184
348.7764
349.0248
347.3984
347.5028
344.0444
345.1728
343.4084
343.6444
342.0968
342.992
344.8948
345.1232
344.6128
345.6748
346.4872
346.1284
345.9352
342.5796
340.8752
342.4816
342.2916
340.5376
338.606
338.3012
338.9308
335.0436
336.1248
334.6
333.058
332.7812
334.1468
333.8712
334.0104
334.6356
334.1944
334.0532
333.3564
334.584
333.2372
332.8852
330.4528
330.506
329.0928
325.434
325.0884
324.1336
322.502
323.8316
320.74
318.5168
316.9248
315.9256
314.3876
313.5488
313.2392
313.1724
312.542
312.4208
312.8372
314.2588
311.9068
311.0892
311.8412
313.2952
313.7024
312.9816
312.0204
314.4348
314.4116
316.4668
314.9724
315.6544
316.2908
313.5444
314.788
314.7452
314.616
314.1764
317.1284
316.9256
316.7752
314.472
315.0104
315.8732
314.958
315.3848
313.8976
313.0304
313.5992
320.9432
321.6744
319.6716
319.9044
319.4012
318.5744
318.9596
320.942
323.8636
325.172
325.0756
325.0632
326.8516
325.2108
326.0324
325.4764
326.6148
325.228
324.6088
323.3184
324.0492
323.7404
325.2824
320.4036
321.9428
321.9668
323.9468
323.1064
325.7856
326.7136
325.9084
327.1276
329.1908
330.3044
330.9512
331.864
333.5368
335.0736
333.8036
335.7668
337.0956
340.4288
340.5188
342.6584
343.4816
345.426
345.0216
345.0204
343.8268
345.4756
345.524
348.0812
348.0496
345.8804
349.6724
348.9512
347.3264
347.5644
346.7792
349.1208
345.026
345.7648
342.844
342.4624
341.648
339.2872
337.6652
335.8136
333.0336
329.8248
328.0908
323.7756
321.3412
320.8416
320.4388
317.906
317.09
318.1148
317.1112
317.304
313.118
313.0692
315.0292
313.782
311.4508
309.1588
309.3492
309.6508
308.6748
310.058
310.9036
311.5168
310.4732
309.0844
308.5556
306.8788
305.9432
304.1312
302.9268
301.8772
302.314
304.7388
303.906
304.5164
304.382
304.6644
306.8076
307.518
307.5652
306.6132
305.6008
304.156
303.362
303.562
301.9632
303.3
304.5176
306.1312
305.8096
303.7476
307.1392
308.2268
312.4472
314.4232
316.0176
315.4036
315.112
316.1608
314.5648
312.5428
312.3916
313.5564
315.6908
316.9812
318.9356
319.5228
321.4904
325.0156
323.1812
320.7372
321.0356
321.7944
318.7324
318.292
317.6532
318.2604
317.8144
316.2928
316.9316
312.7524
313.3812
314.8372
313.7872
312.1944
311.4044
312.7552
313.402
313.2628
310.8088
309.502
311.8984
310.7776
307.9804
306.8184
309.6688
309.5876
312.0936
310.7724
311.178
312.2856
311.0888
312.7092
313.5452
313.4452
313.6796
313.2328
313.4032
313.4876
312.0272
313.564
312.2448
313.0724
313.4032
312.7932
313.7624
314.7916
315.9648
316.3708
315.4648
317.0532
317.1372
317.7584
318.7184
319.0036
319.1472
320.862
321.234
319.9452
320.8656
321.3852
322.434
324.3192
324.7556
324.454
327.4968
330.5788
331.5032
330.7172
329.9824
332.7732
332.1572
330.1248
330.1636
330.4132
330.5688
330.9224
331.5972
331.1508
332.2472
332.8704
331.7512
332.2028
334.2172
335.5296
337.2308
336.2064
333.962
334.278
334.0596
330.6496
330.0164
329.3964
328.0528
325.338
324.8068
325.1388
324.7852
324.1848
325.0552
326.6668
327.3432
322.9844
323.1696
323.3708
322.6952
319.2592
317.6888
316.1368
316.2308
315.694
317.62
316.702
317.7
318.096
319.4748
321.3088
320.4992
319.9796
321.5872
322.4188
319.6588
318.6644
316.1696
315.652
313.8528
311.6744
313.6772
312.7572
311.2524
313.3128
309.6632
310.5456
310.3152
310.7756
311.2292
310.5772
312.884
311.7964
311.4456
310.5444
311.076
311.1804
307.5192
307.2724
308.6204
308.0576
305.5244
306.3048
307.0228
306.0384
305.1776
304.038
303.5256
302.4124
302.8216
304.772
306.82
307.0004
309.054
308.0676
310.6276
311.2744
311.7052
312.4676
313.3088
313.7752
312.1356
312.2036
312.834
308.7864
307.9552
308.3768
311.062
310.7576
310.6216
311.5524
312.59
312.9668
312.6772
311.4192
311.5436
312.1868
312.556
310.3208
310.1952
310.4108
308.582
307.1568
307.5556
307.4956
304.4732
301.8084
303.1588
307.0756
304.1748
304.7864
303.4032
303.8152
301.3052
302.0132
303.2136
303.5264
302.9848
303.008
304.558
303.8176
303.6968
303.8404
305.4348
305.5592
305.8676
306.384
305.7828
305.9484
307.1268
306.3768
306.6264
307.258
310.6016
309.1372
308.4472
313.094
313.4556
313.8768
315.4288
315.0736
314.326
315.888
317.4456
317.9452
317.8256
318.3168
319.4428
319.3044
321.824
319.99
318.1388
317.99
317.2712
314.8104
315.8084
315.9136
316.9424
318.4984
317.4888
318.88
321.0664
319.9976
319.366
318.8544
319.7308
319.2764
320.2188
318.4352
316.52
317.9432
317.4684
316.4224
316.0068
315.1484
315.1956
313.7748
313.1284
315.0096
313.1832
314.0332
313.7496
313.424
313.1064
312.5536
314.236
312.2904
313.7552
312.9436
311.1064
311.34
310.7344
311.2076
309.4884
308.6508
310.8504
313.6476
313.388
312.294
312.908
313.8948
313.8204
315.428
318.9632
316.8616
318.85
321.0676
320.7988
320.3504
320.7904
321.9884
320.5692
320.4108
320.8812
321.5104
321.8192
318.9596
320.9816
320.2408
320.6264
322.0316
322.1808
323.8
321.2776
322.4816
325.5352
326.8092
327.6248
325.8348
326.9588
329.2024
331.216
331.1328
330.0852
332.4592
335.7752
335.2568
337.7772
334.6416
335.8308
335.6036
334.8928
334.9676
333.9744
335.7228
336.022
335.91
334.1068
332.674
333.65
330.728
331.51
332.5932
333.1924
335.9784
333.8676
334.346
333.1472
332.61
335.5416
333.9964
334.8684
333.0316
330.242
330.4264
331.7452
330.1908
330.2772
331.3468
330.648
329.552
329.8316
330.4172
330.8432
331.0132
333.7128
334.4796
336.1336
334.4724
335.8316
335.8272
336.7512
337.718
336.1112
336.1024
335.6984
335.2336
336.338
333.0392
331.1656
330.5756
330.384
331.9684
331.1668
330.4568
333.0996
334.8332
334.298
333.1856
330.522
331.898
333.352
332.1924
331.3384
332.3176
330.9488
330.4092
331.272
330.05
331.0512
332.7048
334.6764
330.3536
330.7384
331.9792
327.2272
324.7636
325.8112
325.2456
323.0836
321.6384
322.8664
320.5276
317.5948
318.4896
318.3732
315.584
316.6084
316.4732
314.6252
315.5792
315.7792
315.4792
315.2572
314.9764
314.7904
316.1088
315.944
315.5468
314.8308
316.5244
318.8476
317.1312
316.282
319.004
317.9352
316.0596
314.652
315.316
315.298
312.7592
312.968
313.574
313.2692
312.1184
311.2872
311.0656
310.6172
311.2932
310.7076
307.4172
306.4464
306.4104
304.9692
304.7556
303.3632
302.3948
304.5188
305.0728
304.1552
307.0248
310.7168
312.4232
313.1684
314.8472
316.7988
317.7892
318.3676
318.2292
320.5896
320.0688
319.588
319.528
321.6868
323.7448
325.8572
326.4692
325.2908
323.5404
323.0928
321.9072
320.5288
320.1052
321.1952
323.8796
322.526
322.6384
322.2756
321.534
320.9664
321.9572
316.9156
316.3268
316.3908
316.5128
316.2212
313.736
312.6832
313.4204
311.0204
310.94
309.5504
310.9012
311.2972
309.3532
309.7912
309.986
311.5592
311.648
311.9036
313.6356
314.9736
314.528
314.3368
313.7504
314.148
316.4864
318.7648
319.3868
320.21
321.9804
323.0648
322.6872
321.25
320.7748
320.71
319.3776
318.2016
320.2828
319.332
321.8432
322.52
323.7552
322.8428
323.5472
323.8168
323.5732
319.8536
321.93
322.1916
324.4744
327.2148
326.9568
328.1444
328.0644
325.9428
328.258
330.4936
329.9952
330.992
333.6132
333.5692
334.8096
335.8652
335.2212
337.4288
336.2444
333.2776
333.4188
331.7184
331.6488
329.9972
328.8584
328.9088
329.3864
328.3356
327.3484
326.7684
327.8036
328.6268
330.8296
334.9292
334.9848
334.1568
336.51
337.3828
335.9604
336.8132
337.2068
338.1696
339.8548
343.0808
343.086
343.6868
347.3256
348.6712
348.1416
350.2884
350.9792
351.3724
351.6448
353.4832
351.7372
352.8884
352.7676
352.276
351.0788
352.4248
354.808
355.0284
355.3596
357.82
359.8556
360.3972
359.0408
360.9752
359.91
359.578
359.37
357.6932
355.6252
356.6472
358.3104
358.0904
358.0084
358.284
356.72
359.6672
359.6792
357.8212
358.0756
359.0644
357.6816
357.6676
356.068
357.9484
356.6456
355.124
354.212
351.6788
349.3432
344.026
340.7892
341.2008
338.5912
335.7636
338.3208
336.7344
335.8868
336.3172
334.956
335.8284
337.3084
338.1056
340.2848
341.1788
341.958
341.9004
341.518
339.9552
342.0128
342.1132
343.638
343.3192
342.0572
337.894
337.0136
337.638
334.9964
334.0008
334.116
334.7424
333.4204
334.2792
332.636
332.0112
332.438
332.1436
332.452
331.9212
331.0712
331.9716
329.8036
329.1508
327.9848
328.8664
329.6272
328.4524
329.4292
330.0296
328.9668
327.9664
328.1628
327.6432
328.0204
325.7496
326.4028
324.1932
323.0936
324.996
323.2608
321.8452
323.1528
323.8852
323.2116
321.9996
323.1416
325.5148
328.0996
329.6272
331.308
332.3212
331.6608
333.4728
337.168
337.7892
339.448
341.682
342.6232
344.0324
346.4604
347.79
347.5104
347.1692
347.4
348.42
347.2204
346.8708
346.4652
345.3848
346.5656
349.1568
346.3672
348.096
350.9168
347.2576
346.982
348.054
348.0548
345.478
346.3024
346.4768
345.7836
344.996
343.0332
344.2124
344.1228
344.2216
342.2148
344.9372
341.7108
341.5684
339.63
337.9532
340.1256
340.3476
337.6596
336.3288
337.6216
337.5076
337.988
338.0328
339.9364
340.1488
338.664
339.8632
341.8824
341.0648
341.362
341.7736
348.2216
347.3156
345.2812
346.4548
348.2092
347.944
350.5808
350.9468
349.378
352.7268
353.1276
355.792
355.0328
358.2092
358.2764
359.262
358.1328
357.956
356.1492
357.2568
358.5688
355.5764
355.4124
356.6208
357.3556
356.45
355.6368
359.0364
360.1176
360.5596
360.6972
364.734
363.6084
362.8336
362.9968
360.3812
359.4388
355.7788
354.8376
351.8524
352.4852
352.1104
349.2544
348.0328
348.4256
347.4976
346.0628
347.1008
345.21
345.4604
345.1416
344.1348
342.8936
343.224
342.7716
342.5292
343.0444
342.0432
344.5744
344.826
344.5848
343.1668
341.85
339.5308
339.674
339.5108
338.402
337.3048
337.806
337.5404
336.7832
336.5568
334.2048
333.6488
334.6616
335.0544
333.1956
335.6608
335.4904
336.5708
337.1472
338.308
335.2264
336.1272
338.0556
337.5108
337.1716
338.0176
335.6668
336.1884
337.1784
338.3292
339.8056
339.6728
338.0112
337.8668
339.652
337.85
337.282
336.8604
336.6492
335.186
333.93
334.0484
332.69
324.4184
324.5392
325.6244
326.7012
324.24
324.916
325.796
325.9888
322.5956
321.564
322.1968
320.8632
322.242
322.6688
323.1692
324.3552
323.6324
324.2656
321.0928
321.8784
321.4896
318.9276
318.6744
318.3252
319.8668
318.4204
319.6876
321.034
323.382
320.0988
321.7712
320.7772
320.33
321.072
320.906
321.8972
320.784
319.6584
319.5852
321.1096
321.3504
321.6224
321.2232
320.6544
320.714
320.858
321.6664
321.1872
318.5852
319.4872
320.1696
319.1176
318.8708
317.8972
316.6756
316.1344
312.6872
311.9088
310.6524
310.0876
310.8908
310.822
310.2024
311.3628
310.0076
310.2324
309.5436
307.93
309.1852
307.7636
305.434
303.4008
305.0476
305.9892
305.4896
305.5832
306.002
306.8468
307.0624
307.9368
309.3728
307.7316
306.7956
308.1376
307.4788
307.698
309.7104
309.7148
310.2532
310.6608
311.7816
312.3356
315.7632
315.7676
316.1148
317.8188
317.57
317.9832
319.1204
320.562
320.0004
321.3328
322.086
322.6676
323.3664
323.1232
324.9136
326.5392
327.682
328.8268
328.7572
331.2032
331.2928
333.0272
333.766
333.918
333.2352
333.8868
332.2412
330.5556
330.118
331.454
330.6796
330.2348
329.5592
330.124
329.006
328.236
327.5664
328.4692
330.4208
329.266
331.3252
334.2232
334.8792
335.6756
337.1496
336.4172
336.5452
337.8272
338.2508
340.0904
341.7488
340.926
342.4924
341.3752
344.1868
343.978
341.6752
340.642
343.458
341.7372
339.6748
339.3844
338.3336
339.6024
340.4788
337.5604
336.7288
337.0492
338.0744
337.7728
337.016
336.2656
336.9232
336.0108
331.5116
331.3304
329.002
330.108
328.9424
327.0016
326.11
325.4888
325.9996
325.0528
324.472
327.4416
326.9908
323.308
322.4328
323.1968
323.8668
323.0944
321.3124
324.8404
321.4916
320.5904
320.754
321.4012
320.8896
317.8444
318.674
320.3252
318.792
317.9904
317.2048
319.3616
320.6976
322.0216
321.5492
321.3404
321.5796
321.4868
321.9464
321.478
322.9964
321.1464
320.4956
322.2048
321.6608
321.7908
323.4708
326.7508
323.1944
324.1188
326.3876
326.6008
329.1072
328.5608
328.8396
329.576
329.5724
328.2344
328.2964
329.482
327.8732
328.9848
329.6852
329.9368
332.8164
335.8072
337.9492
339.8532
341.2328
343.5956
345.782
347.3004
347.304
351.1024
352.1392
353.0896
357.37
358.4404
358.3644
361.1252
360.4472
361.4996
364.422
368.0816
368.3616
370.336
372.6096
374.6284
375.02
374.8372
377.076
376.7208
373.2132
372.3392
371.7076
369.8028
367.6304
368.4928
371.912
371.3284
371.2644
372.4876
373.1828
371.7728
372.1132
371.9664
371.044
368.504
367.0704
369.1328
366.2268
368.4888
369.1716
368.098
367.024
364.672
364.2436
364.452
360.3112
360.6568
360.092
360.7648
361.1916
363.6068
365.2644
368.4696
367.3072
367.3008
367.0132
366.6136
368.5176
369.2432
369.296
368.0092
368.6996
371.256
373.9868
374.528
374.3664
371.7584
373.1468
373.3332
372.1556
370.0716
370.4528
370.1928
366.2608
365.0748
364.8292
360.3688
355.1284
354.1028
354.8968
352.434
351.17
352.0104
351.7028
349.028
349.262
349.2344
351.3304
349.522
350.5336
352.9004
349.8968
350.172
351.6556
352.2332
353.4492
352.9468
353.096
353.3888
353.7712
353.2548
352.1612
350.8172
349.812
351.5212
352.4968
351.5588
349.0104
347.1832
346.5276
349.7484
352.9368
355.0564
355.3332
355.2624
355.6464
351.9532
355.5648
353.1876
352.2084
354.1788
352.2104
354.708
357.6012
358.3244
358.7752
359.192
358.5296
357.5752
357.9748
360.6356
359.004
360.6008
361.2656
361.6212
360.7044
363.5428
363.2048
364.5192
365.1008
366.0064
364.7084
363.2264
363.6432
365.544
365.372
367.7148
368.8084
368.9736
367.8488
366.6384
366.132
364.0808
365.81
367.8912
366.4572
364.692
364.4088
363.9376
362.9876
363.2068
363.6716
363.46
363.1644
362.4696
360.9804
360.1808
359.902
357.6288
360.2104
359.5796
358.9476
357.2024
357.234
355.34
353.5028
354.8628
357.3564
356.4156
356.7
353.4784
353.4792
356.9636
358.0484
357.0644
356.6336
355.9796
354.324
353.0468
352.726
352.0784
351.47
348.6864
348.426
349.9264
349.582
351.7792
348.59
351.322
350.4064
350.9896
353.6864
352.9356
352.8744
351.8988
350.2676
349.8544
348.8412
348.0764
347.2616
349.8204
350.332
347.8244
349.3024
348.4316
348.9556
348.5788
349.3096
350.1212
349.92
347.696
348.2288
348.3868
344.0184
342.9244
341.6476
342.3812
340.336
340.6216
340.1368
340.6232
341.8476
339.8372
337.8804
339.3196
338.6588
337.246
337.4312
335.0412
333.716
334.316
331.9512
332.4828
331.2892
329.6396
329.242
328.1244
328.1128
328.7404
329.5728
330.272
330.3032
330.2628
331.7332
332.6072
332.4928
332.4452
335.9776
335.6652
332.2996
332.7296
334.554
332.6444
331.5284
333.1912
332.8928
331.6048
329.3448
328.9584
326.788
326.0364
326.9492
325.36
323.7916
324.6748
322.0464
320.9636
323.192
322.374
322.4812
322.2484
318.6792
315.688
315.2848
313.3436
309.6024
309.2592
308.2004
310.0716
312.5424
312.1376
312.3636
314.7628
317.2608
316.066
316.2884
316.6968
316.132
316.6932
317.9648
319.0116
319.97
321.0236
320.5924
320.2576
319.2076
319.4404
319.3728
322.618
325.886
328.8772
330.0168
332.8156
335.2592
336.6676
338.4388
340.4736
341.3164
341.9036
344.0144
343.9112
345.6312
347.67
346.9048
347.0608
348.416
347.45
346.6016
350.0788
353.0536
349.5552
352.4308
356.216
355.4412
355.3548
357.7728
357.5448
356.72
355.254
355.4252
359.6696
359.2512
357.4928
357.6112
357.2588
358.4368
358.1612
358.6104
359.394
358.3136
358.3528
356.6856
357.6416
356.0432
354.6464
354.6776
355.1344
355.232
356.4372
355.0216
355.5576
354.3104
352.7156
353.7664
351.4744
349.3224
351.4832
352.5128
352.7484
354.9376
355.2176
355.778
359.29
360.7348
360.1412
361.066
360.836
361.6896
360.2672
361.22
360.5536
359.3704
359.3388
360.0352
359.0228
357.914
356.8464
356.4536
354.43
352.228
351.1404
349.996
348.7368
348.814
347.4156
345.7068
346.5512
349.1784
348.3448
345.62
347.3224
347.1404
346.5792
343.688
342.5448
343.0604
339.1712
337.3176
337.6164
336.5528
336.9748
339.3484
338.4452
338.5268
341.0532
337.7608
335.5992
338.2824
338.0164
336.634
334.8444
332.7652
331.4064
332.4416
331.1468
332.06
330.6012
329.5504
331.57
333.3372
330.4152
330.452
330.92
330.822
328.992
329.766
329.1184
330.978
330.5548
327.4144
327.2428
327.7448
326.6828
325.5476
325.6744
323.1764
322.3448
325.0184
325.6692
324.3888
326.8788
326.1352
327.9004
327.7552
329.0524
330.4804
328.7632
328.8516
327.0696
325.9368
325.3972
320.7484
322.5392
323.8388
321.736
323.0128
323.4056
322.0028
320.4768
321.6748
320.3224
317.6988
316.6728
317.5552
318.8012
318.186
318.392
317.9688
316.7564
317.49
316.7972
317.166
318.398
317.6936
316.678
313.7904
314.064
311.8524
308.2528
309.1716
310.0752
308.7316
309.6456
309.3892
308.6156
310.1812
310.3976
310.5244
312.5644
311.06
310.1724
309.9372
309.5572
307.952
305.792
304.1344
305.8364
306.7024
304.5144
304.5736
302.9688
301.6916
301.0756
302.2576
302.6588
301.5236
301.98
302.572
303.6188
304.124
304.1232
304.9764
302.688
301.536
302.7696
302.8596
305.8196
307.7448
307.1532
308.8088
310.2788
312.3456
315.8616
317.3172
316.7512
318.2988
320.1428
319.7628
319.2256
319.6416
318.6568
318.722
317.1028
318.88
316.658
316.554
316.3956
317.0392
317.6832
317.4228
318.5048
318.284
317.6156
316.9092
317.1732
315.9824
314.1472
311.5092
311.0644
310.7204
310.3304
310.3384
307.3136
306.9672
308.0716
309.9124
311.228
312.6956
313.352
315.6968
318.4336
320.2472
320.3372
322.51
322.8092
324.0692
327.9244
330.3808
329.5948
329.3576
330.12
333.8852
335.8788
338.8912
338.9772
333.97
333.9208
334.2168
334.11
335.7896
334.0716
333.4212
336.17
337.6576
337.4364
337.014
336.276
335.8652
336.6956
337.6932
338.1936
333.5596
333.4968
332.9464
333.4632
331.748
332.5288
332.574
331.0708
332.846
333.3292
332.9116
335.0816
336.2592
337.5532
339.0604
338.9168
341.9364
345.064
343.798
344.9344
345.8172
346.9044
345.8892
344.976
347.5572
344.686
342.2544
341.3676
340.2872
340.6652
340.0912
339.8348
337.304
337.0396
336.5836
334.9124
332.7236
334.2172
334.3324
332.6136
335.4628
333.8236
331.528
331.33
331.0992
329.5192
326.3432
323.7492
321.7296
319.7872
317.3928
315.2756
315.0368
312.9768
313.1964
313.776
313.9868
313.886
314.3844
315.8192
312.8344
311.9116
310.8704
311.0812
310.0976
310.8584
307.1712
307.9024
309.1924
307.35
306.8544
306.186
307.6192
308.9716
306.042
307.5668
308.2484
306.4144
304.3536
304.3272
306.3504
307.4752
308.3532
309.8972
310.5668
312.3872
313.5904
316.1176
316.6612
318.6128
322.44
324.2652
323.2568
324.884
327.136
326.2028
327.7256
330.1492
327.656
325.1604
326.074
324.6816
325.634
324.9632
327.0444
326.5496
324.788
325.2972
327.93
327.8236
327.5276
327.6264
326.7916
325.9528
323.526
320.9536
323.1604
320.748
320.2828
322.202
321.9496
320.2864
320.362
322.1684
321.3676
320.2724
320.4028
318.8004
315.6604
313.8396
311.3824
310.7996
309.6616
310.25
310.5512
309.9624
310.7572
311.8228
312.8736
313.5964
313.9268
316.3528
317.3568
317.8908
316.0736
315.488
312.9984
312.2476
312.5188
311.5152
308.7252
309.2204
306.168
305.1684
303.8324
303.8984
303.676
299.9696
296.3428
295.6468
329.004
329.18
329.218
332.1468
332.422
329.6432
328.5592
325.7924
324.9676
324.1852
323.8824
324.9836
326.4844
327.3496
327.2304
327.4632
328.1964
327.5908
325.394
326.7844
323.0748
320.002
321.5432
321.6692
319.7456
317.8672
316.2148
314.2864
311.5424
310.9076
311.4308
310.428
309.4344
309.8828
310.3568
311.1488
311.9768
312.6536
314.4092
314.5328
315.9368
318.5256
317.1728
316.5392
315.324
314.3316
315.1888
317.2556
317.2204
316.462
317.3532
316.2384
316.1628
317.5092
316.0468
316.4148
317.768
317.8804
316.8084
318.3812
317.8716
315.176
317.2112
316.6524
314.6896
315.7572
316.8312
317.4912
317.3648
319.104
320.58
319.502
320.4704
321.2572
319.534
319.458
321.136
323.0916
323.984
324.98
323.136
323.5352
325.6476
326.2404
326.8352
327.1968
327.3204
324.8924
323.5148
324.1236
323.864
321.1276
319.45
320.2412
319.9484
321.5116
321.4484
322.3288
321.8652
320.278
319.0116
318.6332
314.9108
313.9768
313.1496
311.8152
309.026
305.3124
305.9536
304.8504
303.4068
306.062
305.4652
306.0828
309.0532
308.858
309.6596
312.804
312.5088
312.0668
311.7744
312.9112
311.8156
313.0192
312.7296
311.4468
309.6444
309.1176
306.7008
305.3356
305.4732
306.9928
307.03
308.4436
310.1528
309.2092
309.1168
307.9788
307.0928
305.0976
304.452
304.1548
303.6548
304.4576
305.4656
306.2332
304.4164
303.4552
303.2088
301.4976
302.7856
301.0276
302.2172
300.518
302.71
302.4036
301.1316
301.5696
302.1372
302.284
300.44
301.8684
302.8236
303.648
303.348
303.1236
301.602
300.5572
301.712
302.8868
301.452
300.1876
303.9304
304.2456
303.5572
301.2328
301.5892
300.21
300.07
302.5892
301.9596
299.4348
299.9604
297.3032
295.9904
296.7384
297.094
298.6712
297.7472
298.276
298.4004
297.1248
297.402
299.0792
300.6444
300.9044
302.5668
303.9856
303.1808
304.024
301.9804
300.1952
297.7752
297.9528
299.5664
300.6608
299.104
297.1828
300.2072
300.672
299.4244
297.9744
299.5092
299.7336
299.5616
298.564
300.638
304.7208
302.7616
302.7688
302.7776
302.4812
299.39
300.5304
304.6264
303.024
302.2796
304.2432
303.546
300.734
303.6444
302.83
301.9444
301.152
301.3392
300.2564
300.1236
303.0616
302.0112
301.3984
302.0612
301.6556
301.818
304.3208
302.5968
303.916
305.3864
305.6972
305.484
307.2764
309.7704
312.154
313.6292
314.7772
316.4732
316.7488
316.128
316.8096
314.8192
317.9932
314.9588
313.8312
312.3736
312.1648
313.686
313.0028
312.0288
315.5876
316.4096
317.828
317.6552
318.05
320.742
318.1112
315.9524
317.5452
315.1532
312.8032
312.5228
312.7504
311.2888
310.3536
311.9308
313.4628
311.9372
312.7392
314.5192
315.4268
318.2476
321.498
320.8932
322.0488
326.7044
327.2544
328.3144
326.3608
327.1428
328.5352
328.2828
327.9884
327.074
325.3268
327.2104
324.1424
323.7248
321.112
321.1536
321.5808
320.386
321.2336
324.2428
323.1476
322.7472
324.2944
324.22
322.7304
320.4508
323.8936
321.2032
323.5928
325.6388
325.0492
324.51
324.0284
324.7568
327.3384
327.5924
327.806
331.0772
331.9316
333.3456
337.5024
338.7104
337.0744
337.846
338.9848
339.9552
337.468
337.0512
336.872
335.4196
335.214
335.1476
335.0384
336.4996
332.134
332.8816
333.6156
334.3264
333.47
332.6112
333.7912
336.2068
334.5328
336.578
337.6268
338.6036
339.5216
341.3316
340.832
340.0416
342.4444
342.9608
341.2396
339.704
338.8928
339.4568
337.7252
337.1716
337.5684
335.862
334.9224
336.1352
336.496
335.8872
336.2028
335.6912
334.778
337.3316
338.568
337.7836
338.188
338.4824
340.1904
337.5656
336.3552
334.0528
332.4612
332.936
333.2012
332.5756
331.744
330.154
329.7656
328.6484
328.8032
328.484
328.5044
328.4304
331.702
334.4276
335.8008
334.228
337.1108
337.9036
336.3464
340.5184
342.0736
342.3988
343.6332
346.1724
349.41
350.1528
349.4964
350.076
351.03
352.5484
352.09
352.6608
351.4192
349.97
349.4956
349.8272
349.6164
349.0936
349.6056
353.0868
353.4396
355.5316
356.7672
359.142
360.512
358.9084
360.5832
360.7128
362.2664
359.8492
360.2444
358.9368
358.6008
360.216
359.934
358.6548
357.8144
357.0344
356.2708
354.2072
351.5932
353.1164
351.9008
351.734
352.1564
350.2236
350.9016
347.488
346.1976
346.028
346.9568
344.1576
344.3104
343.3776
343.5744
342.782
343.9408
343.9672
341.0696
342.008
339.9668
339.59
341.1568
339.6624
339.3916
336.9332
335.9656
336.0932
334.8232
333.888
332.1856
332.2232
333.7372
336.282
338.0048
336.4396
336.6304
337.5576
336.3128
335.674
337.7776
335.5392
337.1972
337.8252
336.834
337.3212
337.23
335.7952
335.0416
334.594
335.7072
337.8612
337.1768
336.6432
334.9528
336.1216
337.7264
337.6148
337.522
335.7928
333.4136
333.3088
335.6988
335.2348
333.28
334.9512
337.9804
337.0028
336.0644
334.9232
336.1704
336.0856
334.5056
332.0408
332.9996
332.9192
329.392
327.7804
328.7048
326.3408
326.4592
327.612
325.5004
326.2248
324.424
323.216
324.4744
324.6264
324.24
323.2864
322.468
320.662
320.1436
320.8596
322.0344
322.4264
322.4168
322.4884
321.3368
320.6092
320.7524
321.602
322.61
322.7728
324.2016
325.4144
321.86
319.9704
319.3632
317.6488
317.6676
318.9432
319.4304
319.2268
321.9828
321.274
320.0524
319.846
321.2352
322.604
322.5204
322.322
322.226
324.4952
323.52
323.5568
323.022
322.6788
323.5316
324.7908
325.6704
326.5896
329.0652
330.9048
330.3608
329.508
329.4628
328.794
328.6016
327.406
325.3716
324.7396
322.3908
320.834
321.4572
321.586
322.6236
321.7748
321.894
322.494
320.4052
321.6432
320.4352
319.2844
317.5024
318.4664
317.298
316.7668
317.6648
317.8664
316.3328
313.6608
315.3536
315.414
313.2752
312.7376
310.3412
310.3092
307.5748
305.7292
304.0656
303.1936
303.3648
303.7456
305.5868
305.2884
305.1648
302.998
303.9004
304.2208
307.2348
310.1028
311.334
311.6796
310.9068
311.402
311.6984
311.0172
311.528
310.2708
310.0664
310.2772
311.7644
310.8012
313.872
314.254
315.494
316.8988
316.0476
315.7264
317.9668
317.0444
318.1788
318.8932
320.244
321.0104
321.4152
323.82
323.452
327.7544
325.312
325.4432
325.222
326.3964
325.0428
322.0684
323.0792
322.0488
321.292
321.5348
320.3052
318.4724
315.08
316.9824
318.9616
318.87
318.1
316.4616
315.0536
315.8724
314.6812
315.034
318.4208
320.286
321.6064
321.4648
321.914
322.1348
323.3584
321.3828
323.7976
327.3268
322.9408
322.952
321.7264
323.156
322.1096
322.6268
322.8216
321.3472
320.486
320.5584
320.8148
320.8768
321.5688
323.5704
325.0248
327.6884
327.808
327.5628
328.9168
327.18
327.5324
326.5156
328.342
325.5292
326.0888
325.7808
328.6948
326.34
327.5464
328.954
329.4012
328.3064
326.9444
328.2992
326.0136
323.202
323.9644
323.7148
325.8888
324.7748
325.9712
328.5904
329.1472
328.8724
330.7728
332.1604
331.6912
335.2
334.9208
336.4588
336.3428
336.5428
337.4472
337.0076
338.6992
339.148
339.4276
341.3456
344.006
344.77
345.128
346.0396
345.664
345.8724
345.8244
346.0716
343.9664
342.856
343.6676
341.9424
340.1408
341.7312
342.762
340.8452
341.7984
340.2788
341.1852
337.5212
336.902
338.1032
337.1144
335.8332
335.1164
336.6688
337.1976
338.2828
339.3564
342.0508
342.2944
343.7376
341.5064
343.5716
343.488
344.03
340.5284
338.836
336.9748
336.7224
334.2344
335.8048
334.1644
335.092
332.8384
335.3156
335.0592
334.79
336.5044
336.5304
336.4232
336.7088
336.6324
333.6752
333.3108
331.4692
332.2296
333.4844
332.5424
333.0368
335.5736
334.914
335.634
334.2644
334.7076
335.4604
337.6344
338.5548
338.7124
337.734
337.2228
339.1456
340.6324
342.2408
339.0388
339.8696
340.5268
341.5572
343.0584
344.8696
345.722
344.6496
343.9544
345.8112
343.8568
344.8196
344.5672
341.7768
343.682
342.7992
342.4508
341.2656
341.5572
343.7168
343.1324
340.2244
342.1636
341.234
339.1412
340.9544
339.9832
338.9752
337.5108
335.5532
334.1364
329.616
329.8172
331.8548
327.0416
327.104
327.3328
327.656
326.0584
326.7656
330.908
329.9096
330.1652
330.7356
332.7672
333.7708
332.646
333.4732
334.4008
334.028
330.0032
328.3124
328.904
329.6796
328.7664
332.8388
332.7112
332.5396
335.5664
337.298
338.3788
338.0264
340.1668
342.7676
342.8192
343.5732
342.4248
340.582
341.53
342.5368
340.4708
340.2804
339.7772
341.3256
342.2096
345.1084
347.654
347.6012
348.5364
349.1224
351.7376
349.5228
350.2096
349.4768
348.8124
346.4512
346.606
345.4796
343.9712
344.762
344.6108
343.6368
341.1692
340.1968
339.322
337.5812
336.854
337.87
338.3316
337.3572
337.6604
338.2944
334.8568
334.2812
334.5316
332.2936
332.8272
331.578
330.5828
333.0356
331.5856
333.3048
334.2472
335.2492
332.6608
333.952
331.506
329.0964
325.4228
326.0444
323.1992
321.1516
321.1992
319.03
320.3488
322.8768
322.2164
319.5096
319.6208
316.3248
316.7084
316.8868
315.5416
313.252
310.5264
311.4736
311.8876
311.1532
308.2396
309.1376
308.7652
307.7264
308.4612
309.1592
311.482
308.8104
308.5964
308.138
306.1264
305.4604
304.7252
304.6672
304.7728
305.4152
304.092
306.3144
305.5544
305.0092
307.1648
307.1772
306.724
306.3352
308.4556
308.8896
307.9336
308.8012
308.7008
308.1444
307.0792
309.7788
310.6724
312.626
314.9132
317.3132
319.4552
319.4216
318.4116
319.564
319.7864
302.27
303.1692
305.7124
310.2148
312.7056
314.2296
314.658
317.0116
319.6928
321.7276
322.608
324.6944
326.928
327.4008
327.8516
327.292
326.012
327.516
326.2188
324.3348
325.3016
327.212
327.5108
326.776
325.312
326.0292
326.2908
324.6504
324.4452
323.4764
323.8884
322.274
320.9268
322.8276
322.136
325.3272
328.18
327.5288
329.1812
329.7676
328.9556
327.1088
326.344
327.9204
324.8612
324.9516
327.6676
329.5012
330.8844
330.6732
331.5728
331.0268
330.7268
328.4268
327.4848
325.1896
325.9224
325.9144
326.1972
327.0532
325.1768
325.3016
324.22
322.128
322.5296
320.7664
318.0024
316.3664
313.6288
313.572
310.148
309.7144
309.01
308.9704
308.2688
308.9888
310.9676
311.612
312.1856
313.4764
316.7036
317.0968
316.6008
318.914
320.348
321.4972
321.17
321.1756
320.908
318.7784
321.8596
321.4384
318.7996
319.0148
316.9616
319.9496
320.9104
317.4448
315.8656
314.8076
315.2924
316.592
319.1144
318.7744
319.714
319.6844
321.0832
321.3472
321.018
320.07
321.9056
320.4448
319.796
318.9948
319.7732
319.9264
319.3724
317.7432
320.1804
322.07
322.8744
322.488
323.6432
326.2148
327.182
327.7192
327.562
325.7208
326.004
321.9392
322.1168
322.0944
322.844
325.0388
327.0692
329.6348
331.0136
331.4816
333.0928
332.0692
333.9508
333.858
332.8748
334.3064
335.1668
332.56
331.3144
330.5956
327.5116
325.8816
324.3724
323.5688
323.908
323.6656
324.4268
325.8848
325.412
327.222
325.7192
326.2536
326.2256
324.2032
323.94
323.4292
324.8452
324.536
324.5764
324.8552
321.6288
320.4552
321.1464
318.082
316.8952
318.1948
316.9264
316.936
316.0992
318.1936
316.7908
317.1644
315.8828
314.4264
313.8496
314.7808
313.9268
311.5
312.6664
312.3196
310.9584
310.9812
310.0744
310.2508
309.0508
309.3768
310.1324
310.6176
313.2408
312.304
313.9052
316.36
317.0996
318.248
317.3584
316.2664
315.3768
314.376
315.5624
314.6604
315.9464
316.3452
314.918
312.8768
315.168
316.7684
317.4984
317.0056
316.0824
316.1072
316.7008
317.592
316.0784
317.9344
317.5552
314.9316
312.9704
312.9924
310.6128
310.0188
312.0964
313.38
310.0692
311.3392
313.452
312.294
310.7772
310.4708
310.9748
310.8836
308.1196
306.4032
307.5104
309.4492
309.6324
309.5968
312.4
314.5116
311.4312
312.8316
312.2416
311.9672
311.798
311.82
312.8192
313.1776
313.3036
313.052
312.716
310.8408
312.9964
313.9532
314.79
314.4316
315.8772
315.1416
313.7364
314.6624
315.7248
318.3012
317.2656
318.9752
319.8932
318.6656
319.0632
319.092
319.2076
319.7748
319.6088
321.5188
319.6032
317.5096
318.9996
315.2296
313.8888
314.7588
315.2968
312.8592
313.9972
315.2652
315.582
313.2516
315.7628
316.382
314.758
314.1608
313.154
311.9136
308.762
306.1948
306.966
306.6604
305.0852
307.3752
308.5072
309.0588
308.7588
308.9304
309.8704
307.3924
308.3804
308.4144
307.3244
307.6384
309.252
308.902
311.8564
314.2604
313.3244
316.6632
316.17
316.5168
316.6972
318.5508
315.6568
314.2424
316.1896
315.608
314.9932
313.3012
314.5312
312.2924
313.8536
314.0692
314.5224
314.7136
315.5444
314.2376
315.9984
316.65
316.0268
312.1048
312.1052
312.2004
310.9408
307.6196
310.5848
309.2476
305.4756
304.3688
303.7384
301.658
299.3884
300.32
302.8884
304.848
304.4516
305.4088
306.2012
307.1872
307.996
308.1572
309.96
311.2448
311.3352
311.2168
313.9532
314.452
314.8752
314.2812
315.2616
315.332
313.6984
313.2448
317.1044
317.0932
316.574
317.7972
317.2588
317.7752
318.61
316.0816
316.95
317.8376
319.3572
320.6584
320.2512
321.9304
319.7448
316.8556
317.8268
317.474
315.9584
317.1472
317.926
318.2164
319.3412
322.0084
323.3096
321.1264
321.4168
321.218
319.0864
316.5152
315.7492
314.9948
315.282
315.5696
315.7928
316.4008
317.19
319.678
319.4704
318.4056
321.1528
323.2384
321.6308
324.0152
324.86
322.9576
320.2452
320.454
319.878
319.6372
319.8368
319.8888
320.1992
321.1888
319.962
320.2552
323.2524
323.7132
322.1284
320.468
320.232
319.4592
317.886
319.142
319.866
320.742
320.7988
321.9264
321.4196
319.406
318.1356
316.9836
317.866
316.1044
317.9156
318.598
319.2112
321.2784
320.7648
321.312
318.9732
316.8472
316.9652
317.1464
317.7572
319.1544
318.0412
318.1116
317.7272
317.5032
316.9824
318.0108
318.5048
318.6384
318.0632
318.898
322.2388
320.9356
318.3632
318.9844
319.2988
314.6388
314.348
314.704
312.9584
312.6364
312.2216
313.3576
314.6084
316.0428
317.4272
316.6804
317.572
317.4668
315.8116
315.5816
313.4024
312.9908
311.9784
310.8324
308.5624
311.06
307.8468
308.5928
307.7404
305.096
304.7052
302.6684
303.8148
303.0336
304.3896
306.54
306.0052
305.3568
304.7016
304.566
304.5972
303.53
303.8348
305.2088
306.0848
307.9604
308.2756
307.0012
308.3384
309.8932
309.8968
308.8768
309.576
309.3876
311.2488
312.8812
314.4544
313.8456
313.6028
315.018
313.568
315.3192
315.7172
317.0136
317.44
317.7016
318.844
319.488
318.3204
316.1916
318.3788
317.624
316.8812
316.0616
315.3484
316.482
316.436
317.8516
317.8848
318.7524
319.248
318.808
318.7492
318.116
319.6324
318.3116
318.2268
316.3196
315.1376
314.9736
314.428
314.2816
313.9708
311.7088
312.16
312.6236
312.2864
311.9236
312.026
311.4012
311.23
311.3392
311.8232
311.6016
312.1068
314.0736
315.0548
316.3244
316.2684
315.7592
315.2296
316.2512
317.696
317.3308
320.5732
320.4968
320.9712
317.1564
316.174
316.5836
315.1612
315.5372
316.2224
319.2304
317.228
318.6416
319.0536
318.9868
317.2528
318.4568
318.7536
318.252
316.7444
315.5324
314.9484
314.8512
313.34
312.3316
313.246
310.1692
311.794
311.8312
312.1252
311.9704
313.0052
315.2188
314.594
313.8064
316.3968
317.266
315.9492
315.5488
314.782
314.4784
315.2256
315.2772
313.2128
312.5892
310.2684
310.9384
311.0108
311.7572
312.2288
311.4212
308.3264
304.0272
302.74
301.956
299.936
302.0056
304.3608
303.7336
302.1592
302.038
303.7176
302.7216
303.5664
304.3988
305.7828
307.0632
306.8228
303.6836
303.2152
304.6512
305.398
304.994
305.3584
306.3624
307.5424
309.8628
312.3104
313.7668
314.8456
312.666
312.468
313.7156
312.408
312.5768
313.4932
314.0284
315.7256
316.1292
318.8408
319.9868
319.214
320.0916
318.82
319.9516
319.5048
321.2396
321.874
321.5692
320.1624
318.8692
317.9412
315.986
319.052
318.4268
320.1732
320.73
318.7472
317.798
318.4728
320.3136
320.0064
320.8564
323.406
321.6896
319.9928
319.6232
319.8716
319.1572
317.798
320.8668
318.668
317.7224
319.5608
320.3556
319.0656
320.5572
319.5104
316.6008
319.024
320.1252
320.3672
320.254
321.7568
321.4872
320.9616
320.4808
320.9964
320.6024
320.4112
317.8352
318.6
317.1712
316.3076
315.4104
315.2928
313.984
313.4364
318.0152
319.6896
318.8152
321.124
324.3204
324.1944
322.9904
324.262
324.772
321.6044
323.0748
324.3512
324.0696
324.9512
325.478
325.73
327.4472
327.5684
326.7228
327.6884
324.74
324.262
324.0496
321.278
321.4304
322.5028
318.8736
318.3212
315.9244
313.846
314.7116
314.8188
314.0456
313.9064
312.7584
313.2556
316.2004
316.236
316.7936
317.9492
316.398
314.0088
311.3816
313.8988
312.7884
311.7856
314.0732
313.6452
312.5972
314.1768
313.49
315.0616
314.5588
315.532
314.2632
313.428
315.4168
318.3904
317.6372
320.9864
322.306
319.4588
320.166
320.6952
321.9588
322.2528
321.8132
322.778
322.0488
319.436
317.1932
316.9988
317.6008
315.2384
314.2468
315.5368
315.9612
315.7368
312.1236
313.0364
312.5236
312.5204
311.7748
309.0088
303.7436
300.2
302.8452
303.8228
302.8768
303.2028
305.3112
304.2024
304.142
305.7196
306.508
305.7296
305.2832
307.2508
307.1052
307.8176
309.0712
309.2036
310.322
309.0972
309.5384
311.6768
313.9032
315.5768
315.6616
319.774
319.9108
319.0248
320.016
321.2436
319.84
319.5176
321.4228
321.6372
323.8168
325.0208
326.96
326.7828
326.9516
325.34
324.1908
323.0436
323.0576
322.0884
320.1168
319.7812
320.6312
320.4492
317.5808
315.9464
316.2416
316.0068
315.4812
314.7696
316.9408
314.788
314.7788
314.3352
312.2332
313.9956
316.2512
317.8332
319.692
318.7532
318.0552
317.6944
317.416
317.5272
315.3756
314.7924
315.1184
315.4404
315.6728
316.3
315.662
317.8896
318.6316
320.9276
322.1172
321.3212
320.8268
320.92
320.7976
320.0252
321.0816
320.1224
317.9668
316.5304
314.7076
314.7156
315.1732
315.7672
316.0472
319.4332
320.5896
320.5348
320.6124
322.2716
320.6212
320.3144
323.0444
322.9036
321.3744
320.9696
321.9864
318.7392
316.508
316.0188
314.7264
316.4788
316.3856
316.4644
319.7256
320.3904
320.2376
321.868
325.1712
324.7696
323.3396
324.0724
325.2244
325.2156
324
323.668
323.1592
322.288
319.7252
319.4236
321.7744
321.3576
320.5444
321.4492
320.0224
317.528
317.3452
318.176
318.2416
317.0104
316.8952
316.2572
315.6908
314.6824
314.4876
314.5648
316.9
316.4824
317.9088
318.7252
318.4852
316.6968
314.3628
314.97
314.27
313.528
313.482
315.4728
316.376
315.3032
315.8288
316.7764
316.6796
315.8296
316.9496
317.664
315.7304
316.1348
317.3216
316.322
317.052
316.6844
317.81
316.508
316.172
317.4276
318.4532
317.4104
316.7616
315.9464
314.3516
313.1632
314.424
316.228
315.8156
318.2432
318.8436
317.8484
317.1656
361.1700000000372
363.18160000003826
364.18920000003885
360.2628000000368
360.9736000000371
360.23120000003684
361.45480000003744
360.00320000003666
359.4724000000364
358.20320000003585
357.93640000003575
352.89400000003315
353.6208000000334
355.26720000003417
355.1472000000342
351.5772000000324
351.54760000003256
354.8948000000341
353.73600000003347
354.2980000000337
357.32680000003535
356.2152000000348
358.33800000003566
357.4104000000352
355.6500000000346
354.9572000000343
358.6004000000359
360.99440000003705
357.85480000003577
358.94240000003634
361.6648000000378
360.95320000003755
362.69040000003844
361.6296000000379
358.50760000003635
359.88560000003724
358.7568000000366
358.57720000003667
361.67680000003816
361.815600000038
363.60840000003907
364.2744000000394
365.61760000003983
366.7204000000404
366.7200000000402
369.8948000000418
369.51960000004146
369.4516000000418
368.8028000000412
368.0520000000408
369.20480000004164
371.8000000000427
375.07320000004455
374.9396000000444
375.87880000004475
375.20840000004443
377.1328000000454
377.9324000000457
376.2968000000448
377.13200000004537
381.12200000004736
382.9900000000483
384.3224000000493
384.02360000004904
384.28240000004905
385.18840000004974
386.56880000005
388.23760000005103
390.36040000005204
392.69840000005337
390.0904000000521
388.08160000005097
390.6316000000523
394.19600000005437
392.9972000000535
394.8312000000545
396.5980000000555
396.3236000000553
396.23720000005545
396.83640000005573
398.28400000005627
399.32400000005697
401.1020000000579
401.750400000058
401.7720000000583
401.3500000000581
400.33800000005766
397.9448000000566
399.15040000005706
398.4528000000566
397.38840000005615
395.1512000000551
397.242000000056
396.7920000000558
396.0240000000553
395.7832000000552
396.29760000005524
392.8524000000536
393.7252000000542
393.79120000005423
394.5176000000546
395.023600000055
395.67880000005533
394.5980000000547
394.75280000005455
394.32920000005447
394.51440000005476
392.1920000000534
394.45560000005463
395.42200000005494
394.4720000000545
391.50880000005293
386.81280000005086
385.80240000005034
385.7752000000502
386.61320000005077
386.7432000000509
382.80560000004886
385.83160000005046
389.018400000052
390.1132000000525
389.0892000000522
390.77520000005285
394.2640000000546
398.46680000005676
394.02080000005446
393.89320000005455
391.6276000000535
388.88320000005206
389.0284000000522
386.66040000005097
383.7084000000494
381.73360000004845
379.70000000004745
378.43960000004694
377.3296000000467
379.04960000004706
379.4588000000474
381.43480000004837
383.1164000000494
380.63200000004815
378.28920000004695
375.90120000004566
376.18160000004593
376.7264000000457
378.85560000004676
378.3752000000466
377.464800000046
375.82960000004533
373.37360000004384
370.4708000000427
366.47400000004046
367.181200000041
365.71520000004034
365.0720000000399
364.7344000000398
360.9608000000381
358.8444000000368
359.38600000003726
358.0244000000364
353.55760000003437
352.496800000034
350.64280000003293
345.22720000002994
343.5316000000293
340.5416000000278
338.87920000002697
334.51240000002474
332.0352000000238
331.3824000000233
333.0008000000242
336.1516000000259
332.4432000000239
334.0500000000246
334.81160000002507
334.0212000000247
334.1908000000248
333.3736000000245
333.73280000002467
333.00800000002425
331.32080000002355
328.91640000002246
328.69200000002223
326.53880000002124
327.01040000002166
327.4436000000219
327.51000000002193
323.8468000000201
324.2036000000203
325.4328000000209
326.46840000002146
328.2676000000223
329.33280000002276
329.58040000002296
332.9028000000245
332.5972000000243
333.9492000000251
335.32560000002564
332.44320000002443
332.5224000000243
330.7412000000235
331.0032000000235
330.1472000000233
331.2300000000238
330.8012000000237
333.7040000000251
337.7324000000267
339.57320000002755
337.44320000002654
337.27360000002636
334.000000000025
331.6856000000236
331.6680000000237
331.67680000002343
329.9384000000226
330.03360000002226
330.7280000000226
333.6596000000239
338.376800000026
340.83040000002717
342.9148000000283
346.5688000000299
350.1736000000318
352.9296000000331
353.51840000003335
353.4588000000335
351.35160000003225
350.6156000000318
351.3832000000322
351.90000000003255
351.39160000003216
352.1176000000327
349.4864000000314
350.3192000000317
350.2028000000316
351.9916000000323
351.6220000000323
352.9284000000331
355.93160000003445
357.3940000000352
357.05440000003483
356.56080000003465
358.871200000036
361.4856000000373
357.98800000003547
362.1228000000376
364.9612000000391
362.502000000038
360.49440000003693
361.279600000037
365.29880000003936
366.1776000000398
368.28800000004065
369.7280000000417
372.1080000000426
369.9360000000418
368.85000000004123
370.5428000000422
373.07680000004314
373.0440000000433
373.2280000000435
373.62560000004345
373.9288000000436
374.2848000000439
372.86320000004315
374.1184000000437
372.99480000004326
372.6384000000432
370.49480000004195
370.02080000004185
367.4748000000405
365.74040000003936
364.635600000039
363.0656000000381
361.99760000003727
361.11920000003704
361.8476000000375
361.93800000003756
364.01560000003855
366.0468000000395
367.41400000004023
367.20680000004035
368.69200000004116
369.1916000000415
370.0812000000415
371.3164000000421
374.8748000000441
375.43240000004454
374.1472000000438
373.84440000004366
373.2528000000435
374.9748000000444
380.8996000000473
382.0516000000477
381.4060000000475
384.1196000000489
386.08560000004985
388.9524000000513
386.4976000000501
386.04640000004974
386.75760000005033
385.17640000004934
385.7928000000497
386.6516000000502
386.0916000000499
386.8240000000502
384.7216000000493
386.31480000004973
384.73160000004896
383.2544000000484
380.6884000000471
380.1976000000471
377.55920000004556
375.1484000000442
373.00640000004324
372.6952000000432
371.93280000004273
370.63640000004204
371.38880000004235
372.550000000043
373.69120000004347
372.91960000004315
375.1960000000443
377.7100000000458
379.1664000000465
383.10480000004833
385.44880000004963
386.13080000004993
386.53000000005
384.7116000000491
388.7308000000513
389.31200000005157
389.79760000005183
389.4988000000518
393.2772000000535
392.6748000000533
390.8132000000524
391.2804000000528
392.1040000000531
387.3436000000505
385.58880000004984
384.7836000000493
385.38000000004956
383.5036000000486
381.60360000004755
381.92960000004774
382.2220000000479
381.42800000004763
382.23680000004805
381.9024000000481
380.88400000004725
382.23400000004796
379.06320000004644
381.68280000004773
383.1672000000485
380.74640000004734
377.4528000000458
374.69400000004424
374.0368000000439
373.2852000000438
370.10160000004197
368.93480000004143
366.72560000004046
368.00520000004093
364.116400000039
364.3840000000392
369.1012000000417
364.1428000000392
362.5584000000384
360.41400000003733
361.7808000000377
359.43200000003657
356.78600000003536
356.4484000000351
358.29560000003636
357.11120000003524
357.46000000003545
362.3840000000381
362.7636000000382
361.2248000000372
358.9692000000363
362.440800000038
361.9452000000375
363.39800000003845
362.12000000003763
358.9588000000362
357.41880000003573
359.1208000000365
357.3436000000357
356.193200000035
354.105600000034
350.37040000003225
351.6072000000328
349.82000000003194
346.7732000000307
349.342400000032
349.33320000003204
343.11960000002887
342.93040000002884
342.5284000000286
343.36040000002913
345.00520000003
346.0600000000304
346.8304000000305
348.8132000000315
351.50320000003313
352.69760000003356
352.8120000000336
354.4948000000344
354.20280000003464
354.84960000003485
356.84480000003583
356.5220000000358
354.30320000003485
357.75840000003643
356.4840000000359
353.8936000000347
355.51760000003554
358.9860000000372
357.71840000003687
357.0676000000366
357.776400000037
357.46200000003716
355.4056000000362
353.7376000000355
350.64600000003423
352.41080000003507
349.10560000003346
349.2196000000335
346.5228000000323
346.96600000003247
346.14920000003207
347.2976000000327
348.15640000003305
349.5656000000336
348.288400000033
347.74760000003255
349.8588000000335
348.84880000003307
350.9112000000339
350.85400000003386
352.43880000003475
352.59760000003473
352.17680000003435
350.28840000003345
354.91960000003564
355.09120000003554
353.2988000000347
351.0308000000336
352.0760000000342
351.41240000003387
352.65120000003446
352.112000000034
351.833600000034
349.4288000000328
352.02000000003403
357.2936000000367
358.35880000003687
357.6040000000365
358.3148000000369
358.0116000000367
356.9480000000361
357.2572000000363
359.8400000000375
356.62880000003577
356.7240000000356
359.64560000003706
359.4620000000369
358.9656000000368
360.73320000003747
361.73680000003793
364.1524000000393
362.63600000003856
362.4632000000382
362.09400000003814
361.0720000000376
362.4552000000382
364.3456000000389
364.14480000003897
363.8264000000386
362.22800000003787
362.59760000003814
361.0416000000373
361.72240000003796
360.51360000003706
360.47040000003705
360.04160000003685
359.9552000000367
358.7360000000362
362.449200000038
365.27960000003935
366.66520000004016
366.74360000004
371.7196000000426
372.7736000000431
371.7720000000426
374.11720000004374
375.7956000000449
372.80360000004333
371.57880000004235
369.3892000000414
369.5904000000415
364.98480000003894
364.732800000039
366.2316000000397
367.3348000000403
368.665600000041
369.7600000000415
369.0364000000411
369.1108000000411
368.560000000041
371.46680000004244
371.5508000000425
370.6340000000419
374.4496000000438
371.57640000004244
372.6592000000432
370.17520000004197
368.768000000041
363.61080000003835
364.0796000000385
365.5260000000394
364.51520000003904
361.57880000003723
361.83560000003746
365.80760000003977
367.72160000004067
366.3104000000397
368.66240000004115
369.5576000000414
369.9640000000417
369.36560000004124
375.27720000004456
374.95560000004434
372.2536000000428
372.3748000000429
375.6708000000445
374.3780000000438
375.1648000000442
376.32440000004476
375.0524000000443
378.07080000004595
381.09040000004745
381.8424000000475
381.26320000004745
379.64080000004674
379.8292000000467
379.64800000004647
383.49520000004844
383.5612000000484
382.97800000004844
383.1520000000483
381.64640000004744
380.94560000004714
383.5604000000486
385.6952000000497
390.0460000000519
390.0972000000521
393.2404000000536
391.2852000000528
391.0552000000526
392.15440000005293
390.9648000000522
388.7364000000512
387.61320000005065
390.339200000052
388.20560000005105
390.59120000005225
393.3232000000534
390.8432000000524
390.63720000005236
388.19600000005124
390.3064000000521
389.0772000000514
393.6016000000538
395.05360000005425
396.98280000005553
398.4080000000563
399.4852000000566
401.1192000000577
403.13560000005873
403.5192000000588
403.5340000000589
404.60760000005934
404.7476000000594
408.89960000006164
407.75680000006076
412.2316000000633
408.8256000000617
412.0388000000631
409.579600000062
409.129200000062
405.73960000005997
407.51240000006084
408.43680000006134
407.4072000000606
409.77320000006205
407.2236000000607
407.6752000000609
404.9876000000594
406.1672000000601
403.4224000000587
404.6316000000594
405.4940000000597
403.3612000000586
401.09640000005754
401.47240000005775
396.82680000005536
397.08120000005556
396.25640000005484
395.825600000055
392.5700000000532
390.96840000005244
388.8848000000513
388.570400000051
386.2636000000499
386.58440000005015
384.57960000004925
383.3500000000487
385.56080000004965
385.78680000004994
385.87400000005
385.6716000000498
388.75080000005124
387.64760000005083
389.67680000005174
389.2448000000517
388.86520000005135
386.7424000000504
386.5932000000502
384.8524000000494
383.7208000000488
384.2080000000491
381.99640000004774
380.2748000000471
381.1372000000475
381.18800000004745
380.9752000000475
380.2172000000471
382.379600000048
380.5020000000476
382.76440000004857
383.48160000004884
383.751200000049
386.40480000005044
386.82680000005087
384.62840000004945
387.52640000005124
388.5252000000517
389.18280000005217
388.4636000000513
388.26920000005174
388.57920000005174
387.2908000000511
381.8544000000483
378.42760000004694
378.60800000004735
376.8444000000466
376.0944000000462
376.5456000000463
377.93320000004707
378.0628000000472
373.7816000000453
373.08760000004486
371.03000000004386
371.09680000004386
370.7320000000439
369.96200000004364
369.6016000000434
367.76040000004264
368.03960000004287
367.93560000004294
366.89720000004206
362.64760000004026
360.52600000003923
361.6500000000397
364.301600000041
364.1932000000406
362.5272000000397
358.65280000003804
360.24520000003855
364.0660000000405
364.6976000000408
368.27000000004244
368.52000000004256
369.09120000004265
371.4184000000437
367.9020000000421
367.6796000000417
366.33480000004107
364.4724000000401
367.09920000004126
369.0416000000421
366.5688000000409
367.078000000041
368.2752000000416
367.9516000000414
366.79120000004093
367.58200000004115
368.5592000000414
368.16360000004124
365.4316000000399
366.38440000004033
363.927200000039
365.3208000000397
364.33920000003906
364.48040000003914
363.30560000003845
367.1172000000405
365.8872000000398
368.380000000041
372.15400000004297
375.47760000004456
376.7336000000453
377.1616000000456
379.12320000004655
381.4924000000477
382.58040000004803
384.4408000000491
385.0804000000494
386.1416000000499
386.59280000005026
389.1548000000517
386.04920000004967
384.78240000004917
381.08200000004734
379.85880000004664
376.15520000004494
372.276000000043
371.2384000000425
373.32200000004343
369.61480000004144
363.66760000003836
361.67560000003743
359.6848000000365
356.4980000000349
355.3456000000343
352.9572000000332
351.40720000003256
351.21320000003254
349.39880000003143
346.0704000000297
346.07840000002983
344.1848000000287
346.0776000000298
341.95560000002763
341.0856000000275
338.87000000002627
341.2680000000277
338.9204000000265
342.2592000000279
344.80760000002925
345.4328000000298
346.1392000000298
350.5832000000321
351.5512000000324
354.26280000003396
357.14120000003544
355.24960000003443
358.55880000003623
357.0544000000355
355.4868000000347
358.19720000003616
355.52440000003486
356.231200000035
359.7200000000365
361.21680000003755
361.14760000003764
363.0076000000385
365.3156000000397
365.4432000000399
370.31760000004215
371.8600000000431
370.6016000000425
373.0876000000438
375.51280000004476
376.38600000004516
376.62640000004524
377.30040000004556
379.4184000000467
379.0448000000465
379.65680000004687
379.9316000000471
378.9932000000468
376.38760000004544
376.28160000004544
376.6744000000455
378.98960000004683
376.56720000004594
378.4192000000466
382.4528000000488
384.87320000004956
385.26880000005013
386.19800000005046
386.84040000005064
384.8572000000499
381.98800000004843
382.68480000004877
378.6864000000468
375.62120000004523
374.2464000000447
371.42400000004324
369.33400000004207
369.66480000004225
366.0800000000404
366.7204000000407
367.3796000000411
368.2656000000412
366.83680000004045
368.3680000000415
364.29600000003944
364.4800000000395
365.37960000004
364.10640000003957
364.0812000000394
360.73960000003774
360.57160000003756
355.6092000000354
356.5984000000358
352.88480000003386
352.41920000003387
355.21640000003515
350.5624000000328
350.4904000000328
348.82320000003193
347.99440000003136
345.7700000000305
342.69160000002887
342.6856000000287
340.2932000000278
336.23520000002566
335.4172000000254
333.31560000002423
336.37640000002585
335.72760000002535
334.35440000002484
332.98520000002407
330.9856000000229
331.7980000000235
332.6304000000239
331.2488000000231
330.0772000000228
329.07520000002233
327.5024000000218
323.74720000001975
324.5120000000201
325.29160000002025
322.06840000001876
324.2216000000195
325.9416000000204
325.19160000002
324.1652000000193
324.9636000000196
325.27240000001973
323.5696000000189
322.52480000001833
319.32400000001695
318.25680000001626
317.7720000000159
317.2948000000159
317.4700000000157
319.81520000001683
320.1368000000169
319.8544000000169
323.9484000000188
321.78480000001747
323.6256000000184
325.57080000001946
329.22320000002117
328.24720000002054
327.65120000002025
331.336000000022
332.0260000000224
332.23920000002266
334.0368000000232
332.7952000000227
334.1848000000234
332.40120000002247
333.95480000002334
333.65120000002327
336.15640000002446
334.1892000000234
335.9012000000243
334.27160000002345
335.32320000002414
336.24920000002464
339.209200000026
341.17640000002683
341.0120000000269
339.5380000000261
338.7832000000258
339.7240000000262
338.06400000002543
339.12000000002604
337.081600000025
337.8172000000255
335.91920000002443
336.1172000000248
338.8792000000262
338.91680000002606
338.84840000002623
337.7936000000256
339.1376000000262
334.6604000000241
336.28240000002506
334.8824000000243
333.36200000002367
328.53080000002166
325.5100000000202
323.0748000000192
322.351600000019
321.1504000000182
320.6992000000181
320.5740000000181
320.35480000001814
322.1612000000192
319.607600000018
320.06120000001863
316.686800000017
318.8408000000181
317.4000000000176
319.17200000001844
319.32720000001865
319.685200000019
320.6188000000195
320.5672000000195
319.9528000000194
320.99400000001975
321.66200000002016
321.26480000002
322.2608000000204
322.5192000000206
324.52960000002133
325.1496000000216
323.1768000000209
328.9644000000233
329.3024000000233
329.82680000002335
328.21160000002254
326.5000000000219
324.4336000000207
323.30200000002026
320.56680000001916
319.05040000001827
317.57560000001797
316.4400000000168
317.9080000000179
319.51880000001836
320.82840000001903
323.7620000000202
323.00040000001985
325.5808000000211
329.55640000002285
329.87000000002286
331.90160000002413
331.99640000002387
335.76160000002596
335.5848000000258
338.39240000002684
341.2160000000283
342.3412000000288
345.2096000000302
344.8064000000299
346.9296000000309
347.4480000000307
353.2852000000337
353.0648000000333
353.6232000000336
356.2100000000347
357.66320000003543
359.4764000000364
359.9492000000367
360.924000000037
363.18400000003845
363.66240000003853
365.1828000000392
366.1432000000397
371.20720000004235
373.41920000004336
372.340400000043
371.3388000000424
368.41200000004085
369.0164000000412
369.1400000000413
366.36640000003985
364.4136000000389
363.10440000003814
359.88760000003646
361.32440000003726
360.1128000000367
359.06920000003583
360.87120000003694
358.6680000000357
358.8636000000361
360.6016000000371
360.2752000000369
366.91360000004005
364.59640000003884
362.90080000003803
361.15800000003713